1639800794,43.80
1639800821,43.31
1639800831,43.11
1639800841,42.97
1639800851,42.91
1639800861,42.88
1639800871,42.83
1639800881,42.65
1639800891,42.44
1639800901,42.34
1639800911,42.25
1639800921,42.22
1639800931,42.18
1639800941,42.16
1639800951,42.13
1639800961,42.10
1639800971,42.06
1639800981,42.04
1639800991,42.01
1639801001,41.90
1639801011,41.71
1639801021,41.59
1639801031,41.47
1639801041,41.38
1639801051,41.21
1639801061,41.15
1639801071,41.07
1639801081,40.98
1639801091,40.87
1639801101,40.74
1639801111,40.61
1639801121,40.49
1639801131,40.40
1639801141,40.35
1639801151,40.26
1639801161,40.21
1639801171,40.19
1639801181,40.16
1639801191,40.13
1639801201,40.09
1639801211,40.05
1639801221,40.02
1639801231,39.99
1639801241,39.97
1639801251,39.93
1639801261,39.90
1639801271,39.88
1639801281,39.85
1639801291,39.81
1639801301,39.78
1639801311,39.74
1639801321,39.72
1639801331,39.69
1639801341,39.65
1639801351,39.64
1639801361,39.60
1639801371,39.57
1639801381,39.53
1639801391,39.51
1639801401,39.48
1639801411,39.44
1639801421,39.41
1639801431,39.39
1639801441,39.36
1639801451,39.32
1639801461,39.29
1639801472,39.27
1639801482,39.24
1639801492,39.20
1639801502,39.18
1639801512,39.11
1639801522,39.05
1639801532,38.99
1639801542,38.90
1639801552,38.82
1639801562,38.73
1639801572,38.64
1639801582,38.57
1639801592,38.49
1639801602,38.40
1639801612,38.31
1639801622,38.23
1639801632,38.15
1639801642,38.05
1639801652,37.98
1639801662,37.89
1639801672,37.81
1639801682,37.72
1639801692,37.65
1639801702,37.56
1639801712,37.49
1639801722,37.41
1639801732,37.30
1639801742,37.23
1639801752,37.14
1639801762,37.06
1639801772,36.99
1639801782,36.90
1639801792,36.81
1639801802,36.73
1639801812,36.64
1639801822,36.55
1639801832,36.48
1639801842,36.39
1639801852,36.31
1639801862,36.22
1639801872,36.13
1639801882,36.06
1639801892,35.98
1639801902,35.89
1639801912,35.80
1639801922,35.71
1639801932,35.63
1639801942,35.54
1639801952,35.45
1639801962,35.37
1639801972,35.30
1639801982,35.21
1639801992,35.10
1639802002,35.04
1639802012,34.95
1639802022,34.86
1639802032,34.77
1639802042,34.70
1639802052,34.62
1639802062,34.53
1639802072,34.44
1639802082,34.36
1639802092,34.27
1639802102,34.18
1639802112,34.09
1639802122,34.02
1639802132,33.94
1639802142,33.85
1639802152,33.76
1639802162,33.68
1639802172,33.59
1639802182,33.50
1639802192,33.41
1639802202,33.33
1639802212,33.24
1639802222,33.14
1639802232,33.03
1639802242,32.91
1639802252,32.79
1639802262,32.68
1639802272,32.59
1639802282,32.51
1639802292,32.40
1639802302,32.32
1639802312,32.21
1639802322,32.12
1639802332,32.00
1639802342,31.92
1639802352,31.81
1639802362,31.67
1639802372,31.58
1639802382,31.48
