1640241301,97.44
1640241311,97.48
1640241311,97.50
1640241321,97.53
1640241321,97.53
1640241331,97.57
1640241331,97.57
1640241341,97.60
1640241341,97.60
1640241351,97.64
1640241351,97.64
1640241361,97.67
1640241361,97.67
1640241371,97.71
1640241381,97.74
1640241391,97.78
1640241401,97.81
1640241411,97.85
1640241421,97.88
1640241431,97.92
1640241441,97.95
1640241451,97.99
1640241461,98.03
1640241471,98.06
1640241481,98.10
1640241491,98.13
1640241501,98.17
1640241511,98.18
1640241521,98.22
1640241531,98.25
1640241541,98.29
1640241551,98.32
1640241561,98.36
1640241571,98.39
1640241581,98.41
1640241591,98.45
1640241601,98.48
1640241611,98.52
1640241621,98.55
1640241631,98.59
1640241641,98.61
1640241651,98.64
1640241661,98.68
1640241671,98.71
1640241681,98.73
1640241691,98.77
1640241701,98.80
1640241711,98.84
1640241721,98.85
1640241731,98.89
1640241741,98.92
1640241751,98.96
1640241761,98.98
1640241771,99.00
1640241781,99.00
1640241791,99.00
1640241801,99.00
1640241811,99.00
1640241821,99.00
1640241831,99.00
1640241841,99.00
1640241851,99.00
1640241861,99.00
1640241871,99.00
1640241881,99.00
1640241891,99.00
1640241901,99.00
1640241911,99.00
1640241921,99.00
1640241931,99.00
1640241941,99.00
1640241951,99.00
1640241961,99.00
1640241971,99.00
1640241981,99.00
1640241991,99.00
1640242001,99.00
1640242011,99.00
1640242021,99.00
1640242031,99.00
1640242041,99.00
1640242051,99.00
1640242061,99.00
1640242071,99.00
1640242081,99.00
1640242091,99.00
1640242101,99.00
1640242111,99.00
1640242121,99.00
1640242131,98.98
1640242141,98.98
1640242151,98.98
1640242161,98.98
1640242171,98.98
1640242181,98.98
1640242191,98.98
1640242201,98.98
1640242211,98.98
1640242221,98.98
1640242231,98.98
1640242241,98.98
1640242251,98.98
1640242261,98.98
1640242271,98.98
1640242281,98.98
1640242291,98.98
1640242301,98.98
1640242311,98.98
1640242321,98.98
1640242331,98.98
1640242341,98.98
1640242351,98.98
1640242361,98.98
1640242371,98.98
1640242381,98.98
1640242391,98.98
1640242401,98.98
1640242411,98.98
1640242421,98.98
1640242431,98.98
1640242441,98.98
1640242451,98.98
1640242461,98.98
1640242471,98.98
1640242481,98.98
1640242491,98.98
1640242501,98.98
1640242511,98.98
1640242521,98.98
1640242531,98.98
1640242541,98.98
1640242551,98.98
1640242561,98.98
1640242571,98.98
1640242581,98.98
1640242591,98.98
1640242601,98.98
1640242611,98.98
1640242621,98.98
1640242631,98.98
1640242641,98.98
1640242651,98.98
1640242661,98.98
1640242671,98.98
1640242681,98.98
1640242691,98.98
1640242701,98.98
1640242711,98.98
1640242721,98.98
1640242731,98.98
1640242741,98.98
1640242751,98.98
1640242761,98.98
1640242771,98.98
1640242781,98.98
1640242791,98.98
1640242801,98.98
1640242811,98.98
1640242821,98.98
1640242831,98.98
1640242841,98.98
1640242851,98.98
1640242861,98.98
1640242871,98.98
1640242881,98.98
1640242891,98.98
1640242901,98.98
1640242911,98.98
1640242921,98.98
1640242931,98.98
1640242941,98.98
1640242951,98.98
1640242961,98.98
1640242971,98.98
1640242981,98.98
1640242991,98.98
1640243001,98.98
1640243011,98.98
1640243021,98.98
1640243031,98.98
1640243041,98.98
1640243051,98.98
1640243061,98.98
1640243071,98.98
1640243081,98.98
1640243091,98.98
1640243101,98.98
1640243111,98.98
1640243121,98.98
1640243131,98.98
1640243141,98.98
1640243151,98.98
1640243161,98.98
1640243171,98.98
1640243181,98.98
1640243191,98.98
1640243201,98.98
1640243211,98.98
1640243221,98.98
1640243231,98.98
1640243241,98.98
1640243251,98.98
1640243261,98.98
1640243271,100.00
1640243281,100.00
1640243291,100.00
1640243301,100.00
1640243311,100.00
1640243321,100.00
1640243331,100.00
1640243341,100.00
1640243351,100.00
1640243361,100.00
1640243371,100.00
1640243381,100.00
1640243391,100.00
1640243401,100.00
1640243411,100.00
1640243421,100.00
1640243431,100.00
1640243441,100.00
1640243451,100.00
1640243461,100.00
1640243471,100.00
1640243481,100.00
1640243491,100.00
1640243501,100.00
1640243511,100.00
1640243521,100.00
1640243531,100.00
1640243541,100.00
1640243551,100.00
1640243561,100.00
1640243571,100.00
1640243581,100.00
1640243591,100.00
1640243601,100.00
1640243612,100.00
1640243622,100.00
1640243632,100.00
1640243642,100.00
1640243652,100.00
1640243662,100.00
1640243672,100.00
1640243682,100.00
1640243692,100.00
1640243702,100.00
1640243712,100.00
1640243722,100.00
1640243732,100.00
1640243742,100.00
1640243752,100.00
1640243762,100.00
1640243772,100.00
1640243782,100.00
1640243792,100.00
1640243802,100.00
1640243812,100.00
1640243822,100.00
1640243832,100.00
1640243842,100.00
1640243852,100.00
1640243862,100.00
1640243872,100.00
1640243882,100.00
1640243892,100.00
1640243902,100.00
1640243912,100.00
1640243922,100.00
1640243932,100.00
1640243942,100.00
1640243952,100.00
1640243962,100.00
1640243972,100.00
1640243982,100.00
1640243992,100.00
1640244002,100.00
1640244012,100.00
1640244022,100.00
1640244032,100.00
1640244042,100.00
1640244052,100.00
1640244062,100.00
1640244072,100.00
1640244082,100.00
1640244092,100.00
1640244102,100.00
1640244112,100.00
1640244122,100.00
1640244132,100.00
1640244142,100.00
1640244152,100.00
1640244162,100.00
1640244172,100.00
1640244182,100.00
1640244192,100.00
1640244202,100.00
1640244212,100.00
1640244222,100.00
1640244232,100.00
1640244242,100.00
1640244252,100.00
1640244262,100.00
1640244272,100.00
1640244282,100.00
1640244292,100.00
1640244302,100.00
1640244312,100.00
1640244322,100.00
1640244332,100.00
1640244342,100.00
1640244352,100.00
1640244362,100.00
1640244372,100.00
1640244382,100.00
1640244392,100.00
1640244402,100.00
1640244412,100.00
1640244422,100.00
1640244432,100.00
1640244442,100.00
1640244453,100.00
1640244463,100.00
1640244473,100.00
1640244483,100.00
1640244493,100.00
1640244503,100.00
1640244513,100.00
1640244523,100.00
1640244533,100.00
1640244543,100.00
1640244553,100.00
1640244563,100.00
1640244573,95.48
1640244583,95.40
1640244593,95.33
1640244603,95.25
1640244613,95.20
1640244623,95.14
1640244633,95.08
1640244643,95.00
1640244653,94.95
1640244663,94.87
1640244673,94.82
1640244683,94.76
1640244693,94.68
1640244703,94.61
1640244713,94.53
1640244723,94.48
1640244733,94.40
1640244743,94.34
1640244753,94.27
1640244763,94.21
1640244773,94.14
1640244783,94.06
1640244793,94.00
1640244803,93.95
1640244813,93.87
1640244823,93.79
1640244833,93.74
1640244843,93.66
1640244853,93.60
1640244863,93.53
1640244873,93.47
1640244883,93.40
1640244893,93.32
1640244903,93.26
1640244913,93.21
1640244923,93.15
1640244933,93.09
1640244943,93.06
1640244953,93.00
1640244963,92.94
1640244973,92.89
1640244983,92.81
1640244993,92.73
1640245003,92.70
1640245013,92.64
1640245023,92.58
1640245033,92.51
1640245043,92.45
1640245053,92.39
1640245063,92.32
1640245073,92.26
1640245083,92.19
1640245093,92.11
1640245103,92.03
1640245113,91.96
1640245123,91.90
1640245133,91.84
1640245143,91.81
1640245153,91.75
1640245163,91.69
1640245173,91.64
1640245183,91.58
1640245193,91.52
1640245203,91.45
1640245213,91.39
1640245223,91.32
1640245233,91.26
1640245243,91.20
1640245253,91.15
1640245263,91.09
1640245274,91.01
1640245284,90.96
1640245294,90.90
1640245304,90.84
1640245314,90.78
1640245324,90.73
1640245334,90.67
1640245344,90.63
1640245354,90.58
1640245364,90.52
1640245374,90.48
1640245384,90.43
1640245394,90.37
1640245404,90.31
1640245414,90.28
1640245424,90.22
1640245434,90.18
1640245444,90.12
1640245454,90.09
1640245464,90.03
1640245474,89.99
1640245484,89.93
1640245494,89.88
1640245504,89.84
1640245514,89.78
1640245524,89.74
1640245534,89.69
1640245544,89.65
1640245554,89.59
1640245564,89.54
1640245574,89.50
1640245584,89.46
1640245594,89.40
1640245604,89.35
1640245614,89.31
1640245624,89.25
1640245634,89.22
1640245644,89.16
1640245654,89.12
1640245664,89.05
1640245674,89.01
1640245684,88.95
1640245694,88.91
1640245704,88.86
1640245714,88.82
1640245724,88.76
1640245734,88.70
1640245744,88.67
1640245754,88.61
1640245764,88.57
1640245774,88.51
1640245784,88.48
1640245794,88.42
1640245804,88.38
1640245814,88.31
1640245824,88.27
1640245834,88.21
1640245844,88.16
1640245854,88.10
1640245864,88.04
1640245874,88.00
1640245884,87.95
1640245894,87.89
1640245904,87.83
1640245914,87.78
1640245924,87.72
1640245934,87.66
1640245944,87.59
1640245954,87.55
1640245964,87.49
1640245974,87.46
1640245984,87.40
1640245994,87.34
1640246004,87.30
1640246014,87.25
1640246024,87.21
1640246034,87.15
1640246044,87.12
1640246054,87.06
1640246065,87.02
1640246075,86.96
1640246085,86.93
1640246095,86.87
1640246105,86.83
1640246115,86.77
1640246125,86.72
1640246135,86.68
1640246145,86.62
1640246155,86.58
1640246165,86.53
1640246175,86.49
1640246185,86.43
1640246195,86.40
1640246205,86.36
1640246215,86.30
1640246225,86.24
1640246235,86.21
1640246245,86.15
1640246255,86.09
1640246265,86.06
1640246275,86.00
1640246285,85.96
1640246295,85.90
1640246305,85.85
1640246315,85.81
1640246325,85.75
1640246335,85.71
1640246345,85.66
1640246355,85.62
1640246365,85.56
1640246375,85.53
1640246385,85.47
1640246395,85.41
1640246405,85.37
1640246415,85.32
1640246425,85.28
1640246435,85.22
1640246445,85.19
1640246455,85.13
1640246465,85.09
1640246475,85.03
1640246485,85.00
1640246495,84.94
1640246505,84.88
1640246515,84.84
1640246525,84.79
1640246535,84.75
1640246545,84.69
1640246555,84.65
1640246565,84.60
1640246575,84.56
1640246585,84.50
1640246595,84.47
1640246605,84.41
1640246615,84.37
1640246625,84.31
1640246635,84.26
1640246645,84.22
1640246655,84.16
1640246665,84.13
1640246675,84.07
1640246685,84.03
1640246695,83.97
1640246705,83.94
1640246715,83.88
1640246725,83.82
1640246735,83.78
1640246745,83.73
1640246755,83.69
1640246765,83.63
1640246775,83.59
1640246785,83.54
1640246795,83.50
1640246805,83.44
1640246815,83.41
1640246826,83.35
1640246836,83.31
1640246846,83.26
1640246856,83.20
1640246866,83.16
1640246876,83.10
1640246886,83.05
1640246896,82.95
1640246906,82.88
1640246916,82.86
1640246926,82.82
1640246936,82.80
1640246946,82.76
1640246956,82.74
1640246966,82.72
1640246976,82.69
1640246986,82.67
1640246996,82.65
1640247006,82.61
1640247016,82.59
1640247026,82.57
1640247036,82.54
1640247046,82.52
1640247056,82.50
1640247066,82.46
1640247076,82.44
1640247086,82.42
1640247096,82.38
1640247106,82.37
1640247116,82.35
1640247126,82.31
1640247136,82.29
1640247146,82.27
1640247156,82.23
1640247166,82.21
1640247176,82.20
1640258835,51.92
1640258845,51.79
1640258855,51.68
1640258865,51.58
1640258875,51.49
1640258885,51.43
1640258895,51.37
1640258905,51.28
1640258915,51.24
1640258925,51.20
1640258935,51.18
1640258945,51.16
1640258955,51.13
1640258965,51.11
1640258975,51.07
1640258985,51.05
1640258995,51.01
1640259005,50.99
1640259015,50.96
1640259025,50.94
1640259035,50.90
1640259045,50.88
1640259055,50.86
1640259065,50.82
1640259075,50.80
1640259085,50.77
1640259095,50.75
1640259105,50.73
1640259115,50.69
1640259125,50.67
1640259135,50.63
1640259145,50.62
1640259155,50.58
1640259165,50.56
1640259175,50.54
1640259185,50.50
1640259195,50.48
1640259205,50.44
1640259216,50.43
1640259226,50.39
1640259236,50.37
1640259246,50.33
1640259256,50.31
1640259266,50.29
1640259276,50.25
1640259286,50.24
1640259296,50.20
1640259306,50.18
1640259316,50.16
1640259326,50.12
1640259336,50.10
1640259346,50.07
1640259356,50.05
1640259366,50.03
1640259376,49.99
1640259386,49.97
1640259396,49.93
1640259406,49.91
1640259416,49.88
1640259426,49.86
1640259436,49.84
1640259446,49.80
1640259456,49.78
1640259466,49.74
1640259476,49.63
1640259486,49.59
1640259496,49.56
1640259506,49.54
1640259516,49.50
1640259526,49.48
1640259536,49.44
1640259546,49.42
1640259556,49.40
1640259566,49.37
1640259576,49.35
1640259586,49.31
1640259596,49.29
1640259606,49.27
1640259616,49.23
1640259626,49.21
1640259636,49.18
1640259646,49.16
1640259656,49.14
1640259666,49.10
1640259676,49.08
1640259686,49.04
1640259696,49.03
1640259706,48.99
1640259716,48.97
1640259726,48.93
1640259736,48.91
1640259746,48.87
1640259756,48.86
1640259766,48.84
1640259776,48.80
1640259786,48.78
1640259796,48.74
1640259806,48.72
1640259816,48.70
1640259826,48.67
1640259836,48.65
1640259846,48.63
1640259856,48.61
1640259866,48.57
1640259876,48.55
1640259886,48.53
1640259896,48.51
1640259906,48.50
1640259916,48.48
1640259926,48.44
1640259936,48.42
1640259946,48.40
1640259956,48.38
1640259967,48.34
1640259977,48.32
1640259987,48.31
1640259997,48.29
1640260007,48.27
1640260017,48.23
1640260027,48.21
1640260037,48.19
1640260047,48.17
1640260057,48.14
1640260919,45.79
1640260929,45.66
1640260939,45.58
1640260949,45.53
1640260959,45.49
1640260969,45.43
1640260979,45.37
1640260989,45.32
1640260999,45.26
1640261009,45.22
1640261019,45.20
1640261029,45.18
1640261039,45.16
1640261049,45.13
1640261059,45.11
1640261069,45.09
1640261079,45.07
1640261089,45.05
1640261099,45.01
1640261109,44.99
1640261119,44.98
1640261129,44.96
1640261139,44.94
1640261149,44.90
1640261159,44.88
1640261169,44.86
1640261179,44.84
1640261189,44.82
1640261199,44.79
1640261209,44.77
1640261219,44.75
1640261229,44.73
1640261239,44.69
1640261249,44.67
1640261259,44.66
1640261269,44.64
1640261279,44.62
1640261289,44.58
1640261299,44.56
1640261309,44.54
1640261319,44.52
1640261329,44.48
1640261339,44.47
1640261349,44.45
1640261360,44.43
1640261370,44.41
1640261380,44.37
1640261390,44.35
1640261400,44.33
1640261410,44.31
1640261420,44.29
1640261430,44.28
1640261440,44.24
1640261450,44.22
1640261460,44.20
1640261470,44.18
1640261480,44.14
1640261490,44.12
1640261500,44.11
1640261510,44.09
1640261520,44.07
1640261530,44.03
1640261540,44.01
1640261550,43.99
1640261560,43.92
1640261570,43.84
1640261580,43.80
1640261590,43.78
1640261600,43.77
1640261610,43.73
1640261620,43.71
1640261630,43.69
1640261640,43.67
1640261650,43.65
1640261660,43.61
1640261670,43.60
1640261680,43.58
1640261690,43.56
1640261700,43.54
1640261710,43.50
1640261720,43.48
1640261730,43.46
1640261740,43.44
1640261750,43.42
1640261760,43.39
1640261770,43.37
1640261780,43.35
1640261790,43.33
1640261800,43.29
1640261810,43.27
1640261820,43.25
1640261830,43.23
1640261840,43.22
1640261850,43.18
1640261860,43.16
1640261870,43.14
1640261880,43.12
1640261890,43.08
1640261900,43.06
1640261910,43.05
1640261920,43.03
1640261930,42.99
1640261940,42.97
1640261950,42.95
1640261960,42.93
1640261970,42.91
1640261980,42.89
1640261990,42.86
1640262000,42.84
1640262010,42.82
1640262020,42.80
1640262030,42.78
1640262040,42.74
1640262051,42.72
1640262061,42.71
1640262071,42.63
1640262081,42.54
1640262091,42.48
1640262101,42.42
1640262111,42.35
1640262121,42.33
1640262131,42.31
1640262141,42.27
1640262151,42.25
1640262161,42.23
1640262171,42.21
1640262181,42.17
1640262191,42.16
1640262201,42.14
1640262211,42.12
1640262221,42.08
1640262231,42.06
1640262241,42.04
1640262251,42.02
1640262261,42.01
1640262271,41.97
1640262281,41.95
1640262291,41.93
1640262301,41.91
1640262311,41.89
1640262321,41.87
1640262331,41.84
1640262341,41.82
1640262351,41.80
1640262361,41.78
1640262371,41.74
1640262381,41.72
1640262391,41.70
1640262401,41.68
1640262411,41.65
1640262421,41.63
1640262431,41.61
1640262441,41.57
1640262451,41.55
1640262461,41.53
1640262471,41.51
1640262481,41.50
1640262491,41.48
1640262501,41.44
1640262511,41.40
1640262521,41.31
1640262531,41.23
1640262541,41.15
1640262551,41.10
1640262561,41.04
1640262571,40.98
1640262581,40.93
1640262591,40.85
1640262601,40.79
1640262611,40.74
1640262621,40.68
1640262631,40.62
1640262641,40.55
1640262651,40.49
1640262661,40.44
1640262671,40.38
1640262681,40.32
1640262691,40.25
1640262702,40.19
1640262712,40.13
1640262722,40.07
1640262732,40.00
1640262742,39.94
1640262752,39.87
1640262762,39.81
1640262772,39.75
1640262782,39.70
1640262792,39.62
1640262802,39.55
1640262812,39.49
1640262822,39.41
1640262832,39.36
1640262842,39.30
1640262852,39.22
1640262862,39.15
1640262872,39.07
1640262882,39.02
1640262892,38.96
1640262902,38.88
1640262912,38.81
1640262922,38.75
1640262932,38.68
1640262942,38.60
1640262952,38.54
1640262962,38.47
1640262972,38.39
1640262982,38.33
1640262992,38.26
1640263002,38.18
1640263012,38.11
1640263022,38.03
1640263032,37.97
1640263042,37.90
1640263052,37.82
1640263062,37.75
1640263072,37.69
1640263082,37.62
1640263092,37.54
1640263102,37.46
1640263112,37.39
1640263122,37.31
1640263132,37.24
1640263142,37.16
1640263152,37.09
1640263162,37.01
1640263172,36.93
1640263182,36.86
1640263192,36.78
1640263202,36.73
1640263212,36.65
1640263222,36.58
1640263232,36.48
1640263242,36.42
1640263252,36.35
1640263262,36.27
1640263272,36.20
1640263282,36.12
1640263292,36.04
1640263302,35.97
1640263312,35.89
1640263322,35.80
1640263332,35.72
1640263342,35.65
1640263352,35.57
1640263362,35.50
1640263372,35.42
1640263382,35.35
1640263392,35.27
1640263402,35.19
1640263412,35.12
1640263422,35.02
1640263432,34.95
1640263442,34.87
1640263452,34.80
1640263462,34.72
1640263472,34.65
1640263482,34.59
1640263492,34.53
1640263502,34.48
1640263512,34.42
1640263522,34.36
1640263533,34.32
1640263543,34.30
1640263553,34.27
1640263563,34.25
1640263573,34.23
1640263583,34.19
1640263593,34.17
1640263603,34.15
1640263613,34.13
1640263623,34.10
1640263633,34.08
1640263643,34.06
1640263653,34.02
1640263663,34.00
1640263673,33.98
1640263683,33.96
1640263693,33.94
1640263703,33.91
1640263713,33.89
1640263723,33.87
1640263733,33.83
1640263743,33.81
1640263753,33.79
1640263763,33.77
1640263773,33.74
1640263783,33.72
1640263793,33.70
1640263803,33.68
1640263813,33.64
1640263823,33.62
1640263833,33.60
1640263843,33.59
1640263853,33.55
1640263863,33.53
1640263873,33.51
1640263883,33.47
1640263893,33.45
1640263903,33.43
1640263913,33.42
1640263923,33.38
1640263933,33.36
1640263943,33.34
1640263953,33.32
1640263963,33.28
1640263973,33.26
1640263983,33.24
1640263993,33.23
1640264003,33.19
1640264013,33.17
1640264023,33.15
1640264033,33.13
1640264043,33.04
1640264053,32.94
1640264063,32.88
1640264073,32.83
1640264083,32.77
1640264093,32.71
1640264103,32.64
1640264113,32.60
1640264123,32.55
1640264133,32.49
1640264143,32.41
1640264153,32.36
1640264163,32.32
1640264173,32.24
1640264183,32.18
1640264193,32.13
1640264203,32.07
1640264213,32.01
1640264223,31.96
1640264233,31.88
1640264243,31.83
1640264253,31.77
1640264263,31.71
1640264274,31.66
1640264284,31.60
1640264294,31.52
1640264304,31.47
1640264314,31.41
1640264324,31.35
1640264334,31.30
1640264344,31.24
1640264354,31.16
1640264364,31.12
1640264374,31.05
1640264384,30.99
1640264394,30.94
1640264404,30.86
1640264414,30.82
1640264424,30.75
1640264434,30.69
1640264444,30.63
1640264454,30.58
1640264464,30.52
1640264474,30.46
1640264484,30.39
1640264494,30.33
1640264504,30.27
1640264514,30.22
1640264524,30.16
1640264534,30.08
1640264544,30.03
1640264554,29.97
1640264564,29.91
1640264574,29.86
1640264584,29.80
1640264594,29.73
1640264604,29.67
1640264614,29.61
1640264624,29.57
1640264634,29.52
1640264644,29.44
1640264654,29.40
1640264664,29.37
1640264674,29.35
1640264684,29.33
1640264694,29.29
1640264704,29.27
1640264714,29.25
1640264724,29.23
1640264734,29.20
1640264744,29.18
1640264754,29.16
1640264764,29.12
1640264774,29.10
1640264784,29.08
1640264794,29.06
1640264804,29.02
1640264814,29.01
1640264824,28.99
1640264834,28.95
1640264844,28.93
1640264854,28.91
1640264864,28.89
1640264874,28.87
1640264884,28.84
1640264894,28.82
1640264904,28.80
1640264914,28.76
1640264924,28.74
1640264934,28.72
1640264944,28.68
1640264954,28.67
1640264964,28.65
1640264974,28.63
1640264984,28.61
1640264994,28.57
1640265004,28.55
1640265015,28.53
1640265025,28.51
1640265035,28.48
1640265045,28.46
1640265055,28.44
1640265065,28.42
1640265075,28.38
1640265085,28.36
1640265095,28.34
1640265105,28.33
1640265115,28.29
1640265125,28.27
1640265135,28.25
1640265145,28.23
1640265155,28.19
1640265165,28.17
1640265175,28.15
1640265185,28.14
1640265195,28.12
1640265205,28.08
1640265215,27.96
1640265225,27.93
1640265235,27.89
1640265245,27.87
1640265255,27.85
1640265265,27.83
1640265275,27.79
1640265285,27.78
1640265295,27.76
1640265305,27.74
1640265315,27.70
1640265325,27.68
1640265335,27.66
1640265345,27.64
1640265355,27.61
1640265365,27.59
1640265375,27.57
1640265385,27.55
1640265395,27.51
1640265405,27.49
1640265415,27.47
1640265425,27.44
1640265435,27.42
1640265445,27.40
1640265455,27.38
1640265465,27.36
1640265475,27.32
1640265485,27.30
1640265495,27.27
1640265505,27.25
1640265515,27.23
1640265525,27.21
1640265535,27.19
1640265545,27.17
1640265555,27.13
1640265565,27.11
1640265575,27.09
1640265585,27.08
1640265595,27.04
1640265605,27.02
1640265615,27.00
1640265625,26.98
1640265635,26.94
1640265645,26.92
1640265655,26.91
1640265665,26.89
1640265675,26.85
1640265685,26.83
1640265695,26.81
1640265705,26.79
1640265715,26.75
1640265725,26.74
1640265735,26.72
1640265745,26.70
1640265756,26.68
1640265766,26.64
1640265776,26.62
1640265786,26.60
1640265796,26.58
1640268012,20.42
1640268022,20.28
1640268032,20.19
1640268042,20.15
1640268052,20.09
1640268062,20.04
1640268072,20.00
1640268082,19.92
1640268092,19.87
1640268102,19.85
1640268112,19.81
1640268122,19.79
1640268132,19.77
1640268142,19.75
1640268152,19.73
1640268162,19.70
1640268172,19.68
1640268182,19.66
1640268192,19.64
1640268202,19.62
1640268212,19.58
1640268222,19.56
1640268232,19.55
1640268242,19.53
1640268252,19.49
1640268262,19.47
1640268272,19.45
1640268282,19.43
1640268292,19.39
1640268302,19.38
1640268312,19.36
1640268322,19.34
1640268332,19.32
1640268342,19.28
1640268352,19.26
1640268362,19.24
1640268372,19.22
1640268382,19.21
1640268392,19.19
1640268402,19.15
1640268412,19.13
1640268422,19.11
1640268432,19.09
1640268443,19.07
1640268453,19.03
1640268463,19.02
1640268473,19.00
1640268483,18.98
1640268493,18.96
1640268503,18.92
1640268513,18.90
1640268523,18.88
1640268533,18.86
1640268543,18.84
1640268553,18.81
1640268563,18.79
1640268573,18.77
1640268583,18.75
1640268593,18.73
1640268603,18.69
1640268613,18.67
1640268623,18.66
1640268633,18.64
1640268643,18.62
1640268653,18.52
1640268663,18.45
1640268673,18.43
1640268683,18.41
1640268693,18.37
1640268703,18.35
1640268713,18.33
1640268723,18.32
1640268733,18.30
1640268743,18.28
1640268753,18.24
1640268763,18.22
1640268773,18.20
1640268783,18.18
1640268793,18.16
1640268803,18.13
1640268813,18.11
1640268823,18.09
1640268833,17.96
1640268843,17.88
1640268853,17.82
1640268863,17.77
1640268873,17.71
1640268883,17.65
1640268893,17.60
1640268903,17.52
1640268913,17.46
1640268923,17.41
1640268933,17.35
1640268943,17.29
1640268953,17.24
1640268963,17.18
1640268973,17.12
1640268983,17.07
1640268993,17.03
1640269003,16.95
1640269013,16.90
1640269023,16.88
1640269033,16.84
1640269043,16.82
1640269053,16.80
1640269063,16.78
1640269073,16.74
1640269083,16.73
1640269093,16.71
1640269103,16.69
1640269113,16.67
1640269123,16.63
1640269133,16.61
1640269143,16.59
1640269153,16.57
1640269163,16.54
1640269173,16.52
1640269183,16.50
1640269193,16.48
1640269203,16.46
1640269213,16.42
1640269223,16.40
1640269233,16.39
1640269243,16.33
1640269253,16.22
1640269263,16.12
1640269273,16.03
1640269283,15.95
1640269293,15.89
1640269303,15.84
1640269313,15.78
1640269323,15.72
1640269333,15.67
1640269343,15.59
1640269353,15.53
1640269363,15.48
1640269373,15.42
1640269383,15.36
1640269393,15.31
1640269403,15.25
1640269414,15.18
1640269424,15.14
1640269434,15.06
1640269444,15.00
1640269454,14.95
1640269464,14.89
1640269474,14.81
1640269484,14.78
1640269494,14.70
1640269504,14.64
1640269514,14.59
1640269524,14.53
1640269534,14.47
1640269544,14.42
1640269554,14.36
1640269564,14.29
1640269574,14.23
1640269584,14.17
1640269594,14.12
1640269604,14.06
1640269614,14.02
1640269624,13.94
1640269634,13.89
1640269644,13.85
1640269654,13.83
1640269664,13.79
1640269674,13.77
1640269684,13.75
1640269694,13.74
1640269704,13.70
1640269714,13.68
1640269724,13.66
1640269734,13.62
1640269744,13.60
1640269754,13.58
1640269764,13.57
1640269774,13.53
1640269784,13.51
1640269794,13.49
1640269804,13.47
1640269814,13.43
1640269824,13.41
1640269834,13.40
1640269844,13.38
1640269854,13.34
1640269864,13.32
1640269874,13.30
1640269884,13.28
1640269894,13.26
1640269904,13.23
1640269914,13.21
1640269924,13.19
1640269934,13.17
1640269944,13.15
1640269954,13.11
1640269964,13.09
1640269974,13.07
1640269984,13.06
1640269994,13.02
1640270004,13.00
1640270014,12.98
1640270024,12.94
1640270034,12.92
1640270044,12.90
1640270054,12.88
1640270065,12.87
1640270075,12.83
1640270085,12.81
1640270095,12.79
1640270105,12.77
1640270115,12.75
1640270125,12.71
1640270135,12.70
1640270145,12.68
1640270155,12.66
1640270165,12.64
1640270175,12.60
1640270185,12.58
1640270195,12.51
1640270205,12.43
1640270215,12.39
1640270225,12.37
1640270235,12.36
1640270245,12.32
1640270255,12.30
1640270265,12.28
1640270275,12.26
1640270285,12.22
1640270295,12.20
1640270305,12.19
1640270315,12.17
1640270325,12.15
1640270335,12.11
1640270345,12.09
1640270355,12.07
1640270365,12.03
1640270375,12.01
1640270385,12.00
1640270395,11.96
1640270405,11.94
1640270415,11.92
1640270425,11.90
1640270435,11.86
1640270445,11.84
1640270455,11.82
1640270465,11.79
1640270475,11.77
1640270485,11.75
1640270495,11.71
1640270505,11.69
1640270515,11.65
1640270525,11.64
1640270535,11.60
1640270545,11.58
1640270555,11.54
1640270565,11.52
1640270575,11.48
1640270585,11.45
1640270595,11.43
1640270605,11.39
1640270615,11.37
1640270625,11.33
1640270635,11.31
1640270645,11.28
1640270655,11.26
1640270665,11.22
1640270675,11.20
1640270685,11.16
1640270695,11.13
1640270705,11.11
1640270715,11.09
1640270725,11.05
1640270735,11.01
1640270745,10.99
1640270755,10.95
1640270765,10.94
1640270775,10.88
1640270785,10.75
1640270795,10.69
1640270805,10.61
1640270815,10.56
1640270825,10.48
1640270835,10.43
1640270845,10.35
1640270855,10.27
1640270865,10.22
1640270875,10.14
1640270885,10.07
1640270895,9.99
1640270905,9.91
1640270915,9.86
1640270925,9.78
1640270935,9.71
1640270945,9.65
1640270955,9.57
1640270965,9.50
1640270975,9.42
1640270985,9.35
1640270995,9.29
1640271005,9.21
1640271015,9.14
1640271025,9.06
1640271035,9.01
1640271045,8.93
1640271055,8.85
1640271065,8.78
1640271075,8.72
1640271085,8.65
1640271095,8.59
1640271105,8.51
1640271115,8.44
1640271125,8.36
1640271135,8.31
1640271145,8.29
1640271155,8.25
1640271165,8.21
1640271175,8.17
1640271185,8.16
1640271195,8.12
1640271205,8.08
1640271215,8.06
1640271225,8.02
1640271235,8.00
1640271245,7.97
1640271255,7.95
1640271265,7.91
1640271275,7.87
1640271285,7.85
1640271295,7.81
1640271305,7.79
1640271315,7.76
1640271325,7.74
1640271335,7.70
1640271345,7.68
1640271355,7.64
1640271365,7.62
1640271375,7.59
1640271385,7.57
1640271395,7.53
1640271405,7.49
1640271415,7.47
1640271425,7.44
1640271435,7.42
1640271445,7.38
1640271455,7.36
1640271465,7.32
1640271475,7.30
1640271485,7.27
1640271495,7.25
1640271505,7.21
1640271515,7.19
1640271525,7.15
1640271535,7.13
1640271545,7.10
1640271555,7.08
1640271565,7.04
1640271575,7.02
1640271585,6.98
1640271595,6.96
1640271605,6.92
1640271615,6.91
1640271625,6.87
1640271635,6.85
1640271645,6.81
1640271655,6.79
1640271665,6.75
1640271675,6.72
1640271685,6.66
1640271695,6.56
1640271705,6.53
1640271715,6.49
1640271725,6.45
1640271735,6.43
1640271745,6.39
1640271755,6.38
1640271765,6.34
1640271775,9.31
1640271785,9.27
1640271795,9.25
1640271805,9.21
1640271815,6.21
1640271825,6.17
1640271835,6.13
1640271845,6.11
1640271855,6.07
1640271865,6.05
1640271875,6.02
1640271885,5.96
1640271895,5.86
1640271905,5.81
1640271915,5.77
1640271925,5.75
1640271935,5.71
1640271945,5.69
1640271955,5.66
1640271965,5.64
1640271975,5.60
1640271985,5.58
1640271995,5.54
1640272005,5.52
1640272015,5.49
1640272025,5.45
1640272035,5.43
1640272045,5.39
1640272055,5.37
1640272065,5.34
1640272075,5.32
1640272085,5.28
1640272095,5.26
1640272105,5.22
1640272115,5.18
1640272125,5.17
1640272135,5.13
1640272145,5.11
1640272155,5.07
1640272165,5.05
1640272175,5.01
1640272185,5.00
1640272195,4.96
1640272205,4.94
1640272215,4.90
1640272225,4.86
1640272235,4.84
1640272245,4.80
1640272255,4.79
1640272265,4.75
1640272275,4.73
1640272287,4.65
1640272297,4.50
1640272307,4.41
1640272317,4.35
1640272327,4.28
1640272337,4.22
1640272347,4.14
1640272357,4.03
1640272367,3.94
1640272377,3.88
1640272387,3.82
1640272397,3.78
1640272407,3.73
1640272417,3.61
1640272427,3.44
1640272437,3.33
1640272447,3.25
1640272457,3.20
1640272467,3.14
1640272477,3.08
1640272487,3.03
1640272497,2.95
1640272507,2.88
1640275177,51.49
1640275187,51.62
1640275197,51.77
1640275208,51.90
1640275218,52.07
1640275228,52.22
1640275238,52.35
1640275248,52.53
1640275258,52.66
1640275268,52.81
1640275278,52.98
1640275288,53.11
1640275298,53.28
1640275308,53.41
1640275318,53.57
1640275328,53.74
1640275338,53.87
1640275348,54.02
1640275358,54.15
1640275368,54.32
1640275378,54.47
1640275388,54.61
1640275398,54.78
1640275408,54.91
1640275418,55.06
1640275428,55.23
1640275438,55.36
1640275448,55.52
1640275458,55.67
1640275468,55.84
1640275478,55.99
1640275488,56.14
1640275498,56.29
1640275508,56.44
1640275518,56.59
1640275528,56.75
1640275538,56.88
1640275548,57.05
1640275558,57.20
1640275568,57.33
1640275578,57.50
1640275588,57.64
1640275598,57.79
1640275608,57.96
1640275618,58.09
1640275628,58.24
1640275638,58.41
1640275648,58.54
1640275658,58.69
1640275668,58.83
1640275678,59.00
1640275688,59.15
1640275698,59.28
1640275708,59.45
1640275718,59.58
1640275728,59.74
1640275738,59.91
1640275748,60.04
1640275758,60.21
1640275768,60.36
1640275778,60.51
1640275788,60.66
1640275798,60.81
1640275808,60.97
1640275818,61.12
1640275828,61.27
1640275838,61.42
1640275848,61.55
1640275858,61.72
1640275868,61.87
1640275878,62.01
1640275888,62.18
1640275898,62.31
1640275908,62.46
1640275918,62.63
1640275928,62.76
1640275938,62.91
1640275948,63.08
1640275958,63.22
1640275968,63.37
1640275978,63.52
1640275988,63.67
1640275998,63.82
1640276008,63.97
1640276018,64.12
1640276028,64.26
1640276038,64.43
1640276048,64.58
1640276058,64.73
1640276068,64.88
1640276078,65.03
1640276088,65.18
1640276098,65.34
1640276108,65.49
1640276118,65.64
1640276128,65.79
1640276138,65.94
1640276148,66.09
1640276158,66.24
1640276168,66.39
1640276178,66.53
1640276188,66.70
1640276198,66.85
1640276208,66.98
1640276218,67.15
1640276228,67.30
1640276238,67.44
1640276248,67.61
1640276258,67.74
1640276268,67.89
1640276278,68.06
1640276288,68.19
1640276298,68.34
1640276308,68.50
1640276318,68.65
1640276328,68.80
1640276338,68.93
1640276348,69.10
1640276358,69.25
1640276368,69.38
1640276378,69.55
1640276388,69.71
1640276398,69.84
1640276408,70.01
1640276418,70.16
1640276428,70.31
1640276438,70.46
1640276448,70.61
1640276458,70.77
1640276468,70.92
1640276478,71.07
1640276488,71.22
1640276498,71.37
1640276508,71.52
1640276518,71.66
1640276528,71.83
1640276538,71.98
1640276548,72.11
1640276558,72.28
1640276568,72.43
1640276578,72.56
1640276588,72.72
1640276598,72.87
1640276608,73.02
1640276618,73.17
1640276628,73.32
1640276638,73.47
1640276648,73.60
1640276658,73.78
1640276668,73.93
1640276678,74.08
1640276688,74.23
1640276698,74.36
1640276708,74.51
1640276718,74.68
1640276728,74.82
1640276738,74.97
1640276748,75.14
1640276758,75.27
1640276768,75.42
1640276778,75.59
1640276788,75.74
1640276798,75.89
1640276808,76.05
1640276818,76.20
1640276828,76.33
1640276838,76.50
1640276848,76.65
1640276858,76.78
1640276868,76.95
1640276878,77.09
1640276888,77.24
1640276898,77.41
1640276908,77.54
1640276918,77.69
1640276928,77.84
1640276938,78.00
1640276948,78.15
1640276958,78.28
1640276968,78.43
1640276978,78.56
1640276988,78.71
1640276998,78.87
1640277008,79.00
1640277018,79.15
1640277028,79.28
1640277038,79.41
1640277048,79.56
1640277058,79.68
1640277068,79.83
1640277078,79.96
1640277088,80.10
1640277098,80.23
1640277108,80.38
1640277118,80.49
1640277128,80.62
1640277138,80.74
1640277148,80.89
1640277158,81.02
1640277168,81.14
1640277178,81.27
1640277188,81.38
1640277198,81.51
1640277208,81.65
1640277218,81.76
1640277228,81.87
1640277238,82.01
1640277248,82.12
1640277258,82.25
1640277268,82.37
1640277278,82.48
1640277288,82.59
1640277298,82.72
1640277308,82.84
1640277318,82.95
1640277328,83.07
1640277338,83.18
1640277348,83.29
1640277358,83.41
1640277368,83.52
1640277378,83.63
1640277388,83.75
1640277398,83.84
1640277408,83.96
1640277418,84.07
1640277428,84.18
1640277438,84.28
1640277448,84.37
1640277458,84.50
1640277468,84.60
1640277478,84.69
1640277488,84.81
1640277498,84.90
1640277508,85.01
1640277518,85.13
1640277528,85.20
1640277538,85.32
1640277548,85.43
1640277558,85.51
1640277568,85.62
1640277578,85.71
1640277588,85.81
1640277598,85.90
1640277608,86.00
1640277618,86.09
1640277628,86.19
1640277638,86.28
1640277648,86.38
1640277658,86.47
1640277668,86.57
1640277678,86.64
1640277688,86.74
1640277698,86.83
1640277708,86.93
1640277718,87.02
1640277728,87.10
1640277738,87.19
1640277748,87.29
1640277758,87.36
1640277768,87.46
1640277778,87.55
1640277788,87.63
1640277798,87.72
1640277808,87.80
1640277818,87.87
1640277828,87.97
1640277838,88.04
1640277848,88.12
1640277858,88.21
1640277868,88.29
1640277878,88.36
1640277888,88.44
1640277898,88.53
1640277908,88.61
1640277918,88.68
1640277928,88.78
1640277938,88.86
1640277948,88.91
1640277958,89.01
1640277968,89.08
1640277978,89.16
1640277988,89.23
1640277998,89.31
1640278008,89.39
1640278018,89.46
1640278028,89.54
1640278038,89.59
1640278048,89.67
1640278058,89.74
1640278068,89.82
1640278078,89.88
1640278088,89.97
1640278098,90.03
1640278108,90.11
1640278118,90.18
1640278128,90.24
1640278138,90.31
1640278148,90.39
1640278158,90.45
1640278168,90.52
1640278178,90.58
1640278188,90.65
1640278198,90.73
1640278208,90.78
1640278218,90.86
1640278228,90.92
1640278238,90.99
1640278248,91.05
1640278258,91.11
1640278268,91.16
1640278278,91.24
1640278288,91.30
1640278298,91.37
1640278308,91.43
1640278318,91.49
1640278328,91.56
1640278338,91.62
1640278348,91.67
1640278358,91.73
1640278368,91.81
1640278378,91.86
1640278388,91.92
1640278398,91.98
1640278408,92.03
1640278418,92.09
1640278428,92.15
1640278438,92.21
1640278448,92.26
1640278458,92.34
1640278468,92.38
1640278478,92.45
1640278488,92.51
1640278498,92.56
1640278508,92.60
1640278518,92.66
1640278528,92.72
1640278538,92.77
1640278548,92.83
1640278558,92.89
1640278568,92.94
1640278578,93.00
1640278588,93.06
1640278598,93.09
1640278608,93.15
1640278618,93.21
1640278628,93.26
1640278638,93.32
1640278648,93.36
1640278658,93.42
1640278668,93.47
1640278678,93.53
1640278688,93.57
1640278698,93.62
1640278708,93.68
1640278718,93.72
1640278728,93.77
1640278738,93.83
1640278748,93.87
1640278758,93.93
1640278768,93.96
1640278778,94.02
1640278788,94.06
1640278798,94.12
1640278808,94.15
1640278818,94.21
1640278828,94.25
1640278838,94.31
1640278848,94.34
1640278858,94.40
1640278868,94.44
1640278878,94.49
1640278888,94.53
1640278898,94.59
1640278908,94.63
1640278918,94.66
1640278928,94.72
1640278938,94.76
1640278948,94.80
1640278958,94.85
1640278968,94.89
1640278978,94.93
1640278988,94.99
1640278998,95.02
1640279008,95.06
1640279018,95.10
1640279028,95.16
1640279038,95.20
1640279048,95.23
1640279058,95.27
1640279068,95.31
1640279078,95.37
1640279088,95.40
1640279098,95.44
1640279108,95.48
1640279118,95.52
1640279128,95.57
1640279138,95.61
1640279148,95.65
1640279158,95.69
1640279168,95.72
1640279178,95.76
1640279188,95.80
1640279198,95.84
1640279208,95.87
1640279218,95.93
1640279228,95.95
1640279238,95.99
1640279248,96.03
1640279258,96.06
1640279268,96.10
1640279278,96.14
1640279288,96.18
1640279298,96.22
1640279308,96.25
1640279318,96.29
1640279328,96.33
1640279338,96.37
1640279348,96.41
1640279358,96.44
1640279368,96.48
1640279378,96.52
1640279388,96.56
1640279398,96.59
1640279408,96.61
1640279418,96.65
1640279428,96.69
1640279438,96.71
1640279448,96.65
1640279458,96.61
1640279468,96.58
1640279478,96.54
1640279488,96.50
1640279498,96.46
1640279508,96.42
1640279518,96.39
1640279528,96.35
1640279538,96.31
1640279548,96.27
1640279558,96.24
1640279569,96.20
1640279579,96.14
1640279589,96.10
1640279599,96.06
1640279609,96.03
1640279619,95.99
1640279629,95.95
1640279639,95.91
1640279649,95.87
1640279659,95.84
1640279669,95.82
1640279679,95.78
1640279689,95.76
1640279699,95.72
1640279709,95.70
1640279719,95.69
1640279729,95.65
1640279739,95.63
1640279749,95.61
1640279759,95.57
1640279769,95.55
1640279779,95.53
1640279789,95.50
1640279799,95.48
1640279809,95.44
1640279819,95.42
1640279829,95.37
1640279839,95.33
1640279849,95.27
1640279859,95.23
1640279869,95.18
1640279879,95.16
1640279889,95.12
1640279899,95.08
1640279909,95.04
1640279919,95.02
1640279929,94.97
1640279939,94.93
1640279949,94.91
1640279959,94.87
1640279969,94.85
1640279979,94.82
1640279989,94.78
1640279999,94.76
1640280009,94.72
1640280019,94.68
1640280029,94.66
1640280039,94.63
1640280049,94.61
1640280059,94.57
1640280069,94.55
1640280079,94.51
1640280089,94.49
1640280099,94.48
1640280109,94.46
1640280119,94.44
1640280129,94.42
1640280139,94.40
1640280149,94.36
1640280159,94.32
1640280169,94.31
1640280179,94.29
1640280189,94.27
1640280199,94.23
1640280209,94.19
1640280219,94.17
1640280229,94.15
1640280239,94.12
1640280249,94.10
1640280259,94.08
1640280269,94.06
1640280279,94.02
1640280289,94.00
1640280299,93.98
1640280309,93.96
1640280320,93.93
1640280330,93.85
1640280340,93.77
1640280350,93.76
1640280360,93.72
1640280370,93.68
1640280380,93.66
1640280390,93.60
1640280400,93.57
1640280410,93.55
1640280420,93.53
1640280430,93.51
1640280440,93.47
1640280450,93.43
1640280460,93.40
1640280470,93.36
1640280480,93.32
1640280490,93.28
1640280500,93.19
1640280510,93.13
1640280520,93.09
1640280530,93.08
1640280540,93.04
1640280550,93.00
1640280560,92.96
1640280570,92.92
1640280580,92.89
1640280590,92.85
1640280600,92.81
1640280610,92.77
1640280620,92.72
1640280630,92.66
1640280640,92.62
1640280650,92.58
1640280660,92.53
1640280670,92.49
1640280680,92.45
1640280690,92.39
1640280700,92.36
1640280710,92.32
1640280720,92.28
1640280730,92.24
1640280740,92.21
1640280750,92.15
1640280760,92.11
1640280770,92.07
1640280780,92.03
1640280790,92.00
1640280800,91.96
1640280810,91.92
1640280820,91.88
1640280830,91.83
1640280840,91.79
1640280850,91.75
1640280860,91.71
1640280870,91.69
1640280880,91.67
1640280890,91.64
1640280900,91.62
1640280910,91.58
1640280920,91.56
1640280930,91.52
1640280940,91.50
1640280950,91.47
1640280960,91.45
1640280970,91.43
1640280980,91.39
1640280990,91.37
1640281000,91.33
1640281010,91.32
1640281020,91.30
1640281030,91.24
1640281040,91.20
1640281050,91.15
1640281060,91.11
1640281070,91.07
1640281080,91.03
1640281090,90.99
1640281100,90.97
1640281110,90.92
1640281120,90.88
1640281130,90.82
1640281140,90.78
1640281150,90.75
1640281161,90.71
1640281171,90.67
1640281181,90.63
1640281191,90.58
1640281201,90.54
1640281211,90.50
1640281221,90.46
1640281231,90.43
1640281241,90.39
1640281251,90.35
1640281261,90.31
1640281271,90.28
1640281281,90.24
1640281291,90.20
1640281301,90.16
1640281311,90.12
1640281321,90.07
1640281331,90.01
1640281341,89.97
1640281351,89.91
1640281361,89.88
1640281371,89.84
1640281381,89.80
1640281391,89.76
1640281401,89.73
1640281411,89.69
1640281421,89.65
1640281431,89.59
1640281441,89.56
1640281451,89.50
1640281461,89.46
1640281471,89.42
1640281481,89.37
1640281491,89.35
1640281501,89.31
1640281511,89.27
1640281521,89.22
1640281531,89.18
1640281541,89.14
1640281551,89.10
1640281561,89.06
1640281571,89.03
1640281581,88.99
1640281591,88.95
1640281601,88.91
1640281611,88.87
1640281621,88.84
1640281631,88.80
1640281641,88.76
1640281651,88.72
1640281661,88.67
1640281671,88.61
1640281681,88.57
1640281691,88.51
1640281701,88.46
1640281711,88.42
1640281721,88.38
1640281731,88.34
1640281741,88.31
1640281751,88.25
1640281761,88.21
1640281771,88.18
1640281781,88.14
1640281791,88.10
1640281801,88.08
1640281811,88.04
1640281821,88.00
1640281831,87.99
1640281841,87.95
1640281851,87.93
1640281861,87.89
1640281871,87.87
1640281881,87.85
1640281891,87.80
1640281901,87.76
1640281911,87.72
1640281921,87.68
1640281931,87.64
1640281941,87.61
1640281951,87.57
1640281961,87.53
1640281971,87.49
1640281981,87.46
1640281991,87.42
1640282001,87.38
1640282011,87.34
1640282022,87.30
1640282032,87.25
1640282042,87.21
1640282052,87.15
1640282062,87.13
1640282072,87.10
1640282082,87.08
1640282092,87.04
1640282102,87.02
1640282112,86.98
1640282122,86.96
1640282132,86.93
1640282142,86.89
1640282152,86.87
1640282162,86.83
1640282172,86.81
1640282182,86.79
1640282192,86.75
1640282202,86.74
1640282212,86.70
1640282222,86.68
1640282232,86.64
1640282242,86.62
1640282252,86.58
1640282262,86.55
1640282272,86.53
1640282282,86.49
1640282292,86.47
1640282302,86.43
1640282312,86.38
1640282322,86.34
1640282332,86.28
1640282342,86.24
1640282352,86.21
1640282362,86.17
1640282372,86.15
1640282382,86.09
1640282392,86.06
1640282402,86.02
1640282412,85.96
1640282422,85.90
1640282432,85.85
1640282442,85.81
1640282452,85.77
1640282462,85.73
1640282472,85.69
1640282482,85.66
1640282492,85.62
1640282502,85.56
1640282512,85.51
1640282522,85.45
1640282532,85.41
1640282542,85.36
1640282552,85.30
1640282562,85.28
1640282572,85.24
1640282582,85.22
1640282592,85.19
1640282602,85.15
1640282612,85.13
1640282622,85.09
1640282632,85.07
1640282642,85.03
1640282652,85.01
1640282662,84.98
1640282672,84.96
1640282682,84.92
1640282692,84.90
1640282702,84.86
1640282712,84.82
1640282722,84.81
1640282732,84.77
1640282742,84.75
1640282752,84.73
1640282762,84.69
1640282772,84.67
1640282782,84.65
1640282792,84.62
1640282802,84.60
1640282813,84.58
1640282823,84.54
1640282833,84.52
1640282843,84.50
1640282853,84.47
1640282863,84.45
1640282873,84.43
1640282883,84.41
1640282893,84.37
1640282903,84.35
1640282913,84.33
1640282923,84.30
1640282933,84.28
1640282943,84.26
1640282953,84.22
1640282963,84.20
1640282973,84.18
1640282983,84.14
1640282993,84.13
1640283003,84.11
1640283013,84.07
1640283023,84.05
1640283033,84.03
1640283043,84.01
1640283053,83.97
1640283063,83.96
1640283073,83.94
1640283083,83.90
1640283093,83.88
1640283103,83.86
1640283113,83.82
1640283123,83.80
1640283133,83.78
1640283143,83.75
1640283153,83.73
1640283163,83.71
1640283173,83.67
1640283183,83.65
1640283193,83.63
1640283203,83.61
1640283213,83.58
1640283223,83.56
1640283233,83.54
1640283243,83.50
1640283253,83.48
1640283263,83.46
1640283273,83.42
1640283283,83.41
1640283293,83.37
1640283303,83.35
1640283313,83.33
1640283323,83.31
1640283333,83.26
1640285429,82.84
1640285439,82.72
1640285449,82.69
1640285459,82.65
1640285469,82.63
1640285479,82.61
1640285490,82.59
1640285500,82.55
1640285510,82.54
1640285520,82.52
1640285530,82.50
1640285540,82.48
1640285550,82.46
1640285560,82.44
1640285570,82.40
1640285580,82.38
1640285590,82.37
1640285600,82.35
1640285610,82.31
1640285620,82.27
1640285630,82.23
1640285640,82.21
1640285650,82.18
1640285660,82.14
1640285670,82.12
1640285680,82.10
1640285690,82.08
1640285700,82.06
1640285710,82.04
1640285720,82.01
1640285730,81.97
1640285740,81.91
1640285750,81.87
1640285760,81.84
1640285770,81.82
1640285780,81.78
1640285790,81.74
1640285800,81.72
1640285810,81.68
1640285820,81.66
1640285830,81.65
1640285840,81.63
1640285850,81.61
1640285860,81.59
1640285870,81.55
1640285880,81.53
1640285890,81.51
1640285900,81.49
1640285910,81.48
1640285920,81.44
1640285930,81.42
1640285940,81.40
1640285950,81.38
1640285960,81.36
1640285970,81.32
1640285980,81.31
1640285990,81.29
1640286000,81.27
1640286010,81.23
1640286020,81.21
1640286030,81.19
1640286040,81.15
1640286050,81.14
1640286060,81.10
1640286070,81.08
1640286080,81.06
1640286090,81.02
1640286100,81.00
1640286110,80.97
1640286120,80.93
1640286130,80.91
1640286140,80.87
1640286150,80.83
1640286160,80.78
1640286170,80.72
1640286180,80.70
1640286190,80.66
1640286200,80.64
1640286210,80.62
1640286221,80.59
1640286231,80.55
1640286241,80.51
1640286251,80.49
1640286261,80.45
1640286271,80.44
1640286281,80.40
1640286291,80.38
1640286301,80.34
1640286311,80.30
1640286321,80.25
1640286331,80.21
1640286341,80.19
1640286351,80.17
1640286361,80.15
1640286371,80.11
1640286381,80.10
1640286391,80.06
1640286401,80.04
1640286411,80.00
1640286421,79.96
1640286431,79.92
1640286441,79.89
1640286451,79.85
1640286461,79.81
1640286471,79.77
1640286481,79.73
1640286491,79.70
1640286501,79.66
1640286511,79.62
1640286521,79.56
1640286531,79.55
1640286541,79.51
1640286551,79.47
1640286561,79.43
1640286571,79.39
1640286581,79.36
1640286591,79.34
1640286601,79.30
1640286611,79.26
1640286621,79.22
1640286631,79.19
1640286641,79.15
1640286651,79.13
1640286661,79.09
1640286671,79.07
1640286681,79.04
1640286691,79.02
1640286701,79.00
1640286711,78.96
1640286721,78.94
1640286731,78.92
1640286741,78.88
1640286751,78.87
1640286761,78.85
1640286771,78.81
1640286781,78.77
1640286791,78.75
1640286801,78.71
1640286811,78.67
1640286821,78.66
1640286831,78.64
1640286841,78.60
1640286851,78.58
1640286861,78.54
1640286871,78.52
1640286881,78.50
1640286891,78.47
1640286901,78.45
1640286911,78.41
1640286921,78.39
1640286931,78.35
1640286941,78.32
1640286951,78.26
1640286961,78.22
1640286971,78.20
1640286982,78.17
1640286992,78.13
1640287002,78.09
1640287012,78.05
1640287022,78.01
1640287032,77.98
1640287042,77.92
1640287052,77.88
1640287062,77.84
1640287072,77.81
1640287082,77.79
1640287092,77.75
1640287102,77.73
1640287112,77.67
1640287122,77.63
1640287132,77.62
1640287142,77.58
1640287152,77.54
1640287162,77.50
1640287172,77.46
1640287182,77.43
1640287192,77.39
1640287202,77.35
1640287212,77.31
1640287222,77.29
1640287232,77.26
1640287242,77.24
1640287252,77.20
1640287262,77.18
1640287272,77.16
1640287282,77.12
1640287292,77.11
1640287302,77.07
1640287312,77.03
1640287322,76.99
1640287332,76.95
1640287342,76.92
1640287352,76.90
1640287362,76.86
1640287372,76.82
1640287382,76.76
1640287392,76.75
1640287402,76.71
1640287412,76.67
1640287422,76.63
1640287432,76.59
1640287442,76.57
1640287452,76.54
1640287462,76.52
1640287472,76.50
1640287482,76.46
1640287493,76.40
1640287503,76.37
1640287513,76.33
1640287523,76.29
1640287533,76.27
1640287543,76.25
1640287553,76.22
1640287563,76.20
1640287573,76.16
1640287583,76.14
1640287593,76.12
1640287603,76.10
1640287613,76.07
1640287623,76.05
1640287633,76.03
1640287643,75.99
1640287653,75.97
1640287663,75.95
1640287673,75.91
1640287683,75.89
1640287693,75.86
1640287703,75.84
1640287713,75.82
1640287723,75.78
1640287733,75.76
1640287743,75.74
1640287753,75.70
1640287763,75.67
1640287773,75.63
1640287783,75.59
1640287793,75.55
1640287803,75.52
1640287813,75.46
1640287823,75.44
1640287833,75.40
1640287843,75.36
1640287853,75.33
1640287863,75.27
1640287873,75.23
1640287883,75.19
1640287893,75.16
1640287903,75.14
1640287913,75.10
1640287923,75.08
1640287933,75.04
1640287943,75.02
1640287953,74.99
1640287963,74.97
1640287973,74.93
1640287983,74.91
1640287993,74.87
1640288003,74.83
1640288013,74.78
1640288023,74.74
1640288033,74.72
1640288043,74.68
1640288053,74.66
1640288063,74.64
1640288073,74.61
1640288083,74.59
1640288093,74.57
1640288103,74.53
1640288113,74.51
1640288123,74.49
1640288133,74.46
1640288143,74.44
1640288153,74.42
1640288163,74.38
1640288173,74.36
1640288183,74.32
1640288193,74.29
1640288203,74.25
1640288213,74.21
1640288223,74.19
1640288234,74.15
1640288244,74.13
1640288254,74.10
1640288264,74.08
1640288274,74.02
1640288284,73.98
1640288294,73.95
1640288304,73.91
1640288314,73.85
1640288324,73.81
1640288334,73.78
1640288344,73.74
1640288354,73.70
1640288364,73.64
1640288374,73.60
1640288384,73.57
1640288394,73.51
1640288404,73.47
1640288414,73.43
1640288424,73.38
1640288434,73.34
1640288444,73.30
1640288454,73.28
1640288464,73.25
1640288474,73.21
1640288484,73.15
1640288494,73.11
1640288504,73.06
1640288514,73.04
1640288524,73.02
1640288534,72.98
1640288544,72.96
1640288554,72.94
1640288564,72.91
1640288574,72.87
1640288584,72.83
1640288594,72.79
1640288604,72.75
1640288614,72.73
1640288624,72.72
1640288634,72.68
1640288644,72.66
1640288654,72.62
1640288664,72.58
1640288674,72.54
1640288684,72.51
1640288694,72.47
1640288704,72.43
1640288714,72.39
1640288724,72.34
1640288734,72.30
1640288744,72.26
1640288754,72.20
1640288764,72.17
1640288774,72.11
1640288784,72.07
1640288794,72.03
1640288804,71.98
1640288814,71.94
1640288824,71.90
1640288834,71.86
1640288844,71.85
1640288854,71.83
1640288864,71.79
1640288874,71.77
1640288884,71.75
1640288894,71.71
1640288904,71.69
1640288914,71.66
1640288924,71.62
1640288934,71.58
1640288944,71.52
1640288954,71.48
1640288964,71.45
1640288974,71.39
1640288984,71.33
1640288994,71.30
1640289004,71.24
1640289014,71.18
1640289024,71.15
1640289034,71.13
1640289044,71.07
1640289054,71.03
1640289065,70.98
1640289075,70.94
1640289085,70.90
1640289095,70.86
1640289105,70.82
1640289115,70.79
1640289125,70.75
1640289135,70.69
1640289145,70.67
1640289155,70.63
1640289165,70.58
1640289175,70.54
1640289185,70.50
1640293826,58.33
1640293836,58.20
1640293846,58.13
1640293856,58.07
1640293866,58.01
1640293876,57.98
1640293886,57.94
1640293896,57.90
1640293906,57.86
1640293916,57.84
1640293926,57.82
1640293936,57.81
1640293946,57.77
1640293956,57.75
1640293966,57.67
1640293976,57.58
1640293986,57.52
1640293996,57.46
1640294006,57.43
1640294016,57.41
1640294026,57.37
1640294036,57.33
1640294046,57.29
1640294056,57.26
1640294066,57.22
1640294076,57.18
1640294086,57.14
1640294096,57.10
1640294106,57.07
1640294116,57.05
1640294126,57.01
1640294136,56.95
1640294146,56.92
1640294156,56.90
1640294166,56.86
1640294176,56.84
1640294186,56.82
1640294196,56.78
1640294206,56.77
1640294216,56.73
1640294226,56.67
1640294236,56.63
1640294246,56.59
1640294256,56.54
1640294266,56.50
1640294276,56.46
1640294286,56.42
1640294296,56.39
1640294306,56.35
1640294316,56.29
1640294326,56.27
1640294336,56.23
1640294346,56.22
1640294356,56.20
1640294366,56.16
1640294376,56.12
1640294386,56.08
1640294396,56.05
1640294406,55.99
1640294416,55.95
1640294426,55.93
1640294436,55.88
1640294446,55.80
1640294456,55.76
1640294466,55.72
1640294476,55.69
1640294486,55.65
1640294496,55.61
1640294506,55.55
1640294516,55.53
1640294526,55.50
1640294536,55.46
1640294546,55.44
1640294556,55.40
1640294566,55.36
1640294576,55.33
1640294586,55.29
1640294596,55.25
1640294606,55.21
1640294616,55.17
1640294626,55.12
1640294636,55.08
1640294646,55.04
1640294656,55.02
1640294666,54.99
1640294676,54.93
1640294687,54.89
1640294697,54.83
1640294707,54.80
1640294717,54.72
1640294727,54.68
1640294737,54.65
1640294747,54.61
1640294757,54.57
1640294767,54.51
1640294777,54.47
1640294787,54.42
1640294797,54.36
1640294807,54.30
1640294817,54.27
1640294827,54.23
1640294837,54.19
1640294847,54.13
1640294857,54.10
1640294867,54.06
1640294877,54.00
1640294887,53.96
1640294897,53.95
1640294907,53.89
1640294917,53.85
1640294927,53.79
1640294937,53.76
1640294947,53.72
1640294957,53.68
1640294967,53.64
1640294977,53.59
1640294987,53.55
1640294997,53.51
1640295007,53.47
1640295017,53.43
1640295027,53.40
1640295037,53.36
1640295047,53.32
1640295057,53.28
1640295067,53.24
1640295077,53.21
1640295087,53.17
1640295097,53.13
1640295107,53.09
1640295117,53.06
1640295127,53.02
1640295137,52.98
1640295147,52.94
1640295157,52.90
1640295167,52.87
1640295177,52.81
1640295187,52.77
1640295197,52.73
1640295207,52.70
1640295217,52.68
1640295227,52.66
1640295237,52.62
1640295247,52.58
1640295257,52.55
1640295267,52.51
1640295277,52.47
1640295287,52.45
1640295297,52.41
1640295307,52.37
1640295317,52.32
1640295327,52.26
1640295337,52.22
1640295347,52.18
1640295357,52.15
1640295367,52.11
1640295377,52.07
1640295387,52.01
1640295397,51.98
1640295407,51.94
1640295417,51.90
1640295427,51.86
1640295437,51.83
1640295447,51.77
1640295457,51.73
1640295467,51.69
1640295477,51.66
1640295487,51.62
1640295497,51.58
1640295507,51.54
1640295517,51.50
1640295527,51.49
1640295537,51.45
1640295547,51.41
1640295557,51.37
1640295567,51.33
1640295577,51.30
1640295588,51.24
1640295598,51.20
1640295608,51.16
1640295618,51.13
1640295628,51.11
1640295638,51.07
1640295648,51.01
1640295658,50.97
1640295668,50.94
1640295678,50.90
1640295688,50.86
1640295698,50.82
1640295708,50.77
1640295718,50.71
1640295728,50.65
1640295738,50.62
1640295748,50.58
1640295758,50.54
1640295768,50.50
1640295778,50.46
1640295788,50.43
1640295798,50.37
1640295808,50.33
1640295818,50.27
1640295828,50.24
1640295838,50.20
1640295848,50.16
1640295858,50.10
1640295868,50.05
1640295878,50.01
1640295888,49.97
1640295898,49.93
1640295908,49.90
1640295918,49.86
1640295928,49.82
1640295938,49.76
1640295948,49.73
1640295958,49.69
1640295968,49.63
1640295978,49.59
1640295988,49.56
1640295998,49.54
1640296008,49.50
1640296018,49.44
1640296028,49.40
1640296038,49.37
1640296048,49.33
1640296058,49.29
1640296068,49.27
1640296078,49.23
1640296088,49.20
1640296098,49.16
1640296108,49.14
1640296118,49.10
1640296128,49.06
1640296138,49.03
1640296148,48.99
1640296158,48.97
1640296168,48.93
1640296178,48.91
1640296188,48.87
1640296198,48.86
1640296208,48.82
1640296218,48.80
1640296228,48.74
1640296238,48.72
1640296248,48.69
1640296258,48.65
1640296268,48.61
1640296278,48.57
1640296288,48.53
1640296298,48.50
1640296308,48.46
1640296318,48.42
1640296328,48.38
1640296338,48.34
1640296348,48.29
1640296358,48.23
1640296368,48.17
1640296378,48.14
1640296389,48.08
1640296399,48.02
1640296409,47.98
1640296419,47.95
1640296429,47.91
1640296439,47.85
1640296449,47.81
1640296459,47.80
1640296469,47.76
1640296479,47.72
1640296489,47.68
1640296499,47.64
1640296509,47.61
1640296519,47.57
1640296529,47.53
1640296539,47.49
1640296549,47.45
1640296559,47.42
1640296569,47.36
1640296579,47.34
1640296589,47.28
1640296599,47.25
1640296609,47.21
1640296619,47.17
1640296629,47.13
1640296639,47.11
1640296649,47.06
1640296659,47.00
1640296669,46.94
1640296679,46.89
1640296689,46.85
1640296699,46.81
1640296709,46.76
1640296719,46.70
1640296729,46.66
1640296739,46.62
1640296749,46.57
1640296759,46.51
1640296769,46.47
1640296779,46.43
1640296789,46.40
1640296799,46.36
1640296809,46.32
1640296819,46.26
1640296829,46.22
1640296839,46.19
1640296849,46.15
1640296859,46.11
1640296869,46.09
1640296879,46.05
1640296889,46.02
1640296899,45.98
1640296909,45.92
1640296919,45.88
1640296929,45.85
1640296939,45.81
1640296949,45.77
1640296959,45.73
1640296969,45.70
1640296979,45.66
1640296989,45.60
1640296999,45.56
1640297009,45.53
1640297019,45.49
1640297029,45.47
1640297039,45.43
1640297049,45.41
1640297059,45.37
1640297069,45.34
1640297079,45.30
1640297089,45.26
1640297099,45.20
1640297109,45.16
1640297119,45.13
1640297129,45.09
1640297139,45.03
1640297149,44.99
1640297159,44.94
1640297169,44.90
1640297179,44.88
1640297189,44.84
1640297199,44.81
1640297209,44.77
1640297219,44.73
1640297230,44.71
1640297240,44.67
1640297250,44.64
1640297260,44.60
1640297270,44.56
1640297280,44.50
1640297290,44.47
1640297300,44.43
1640297310,44.39
1640297320,44.35
1640297330,44.31
1640297340,44.28
1640297350,44.24
1640297360,44.20
1640297370,44.18
1640297380,44.14
1640297390,44.12
1640297400,44.07
1640297410,44.05
1640297420,43.97
1640297430,43.84
1640297440,43.75
1640297450,43.67
1640297460,43.61
1640297470,43.54
1640297480,43.46
1640297490,43.41
1640297500,43.33
1640297510,43.25
1640297520,43.18
1640297530,43.08
1640297540,43.01
1640297550,42.93
1640297560,42.86
1640297570,42.80
1640297580,42.74
1640297590,42.69
1640297600,42.61
1640297610,42.55
1640297620,42.50
1640297630,42.44
1640297640,42.38
1640297650,42.33
1640297660,42.27
1640297670,42.21
1640297680,42.16
1640297690,42.10
1640297700,42.04
1640297710,41.99
1640297720,41.93
1640297730,41.85
1640297740,41.80
1640297750,41.72
1640297760,41.67
1640297770,41.63
1640297780,41.57
1640297790,41.53
1640297800,41.48
1640297810,41.40
1640297820,41.32
1640297830,41.27
1640297840,41.17
1640297850,41.10
1640297860,41.02
1640297870,40.95
1640297880,40.87
1640297890,40.79
1640297900,40.72
1640297910,40.66
1640297920,40.59
1640297930,40.51
1640297940,40.44
1640297950,40.36
1640297960,40.28
1640297970,40.21
1640297980,40.11
1640297990,40.06
1640298000,39.98
1640298010,39.92
1640298020,39.87
1640298030,39.79
1640298040,39.72
1640298050,39.64
1640298060,39.58
1640298071,39.51
1640298081,39.45
1640298091,39.39
1640298101,39.32
1640298111,39.24
1640298121,39.19
1640298131,39.11
1640298141,39.05
1640298151,39.00
1640298161,38.92
1640298171,38.85
1640298181,38.79
1640298191,38.71
1640298201,38.64
1640298211,38.58
1640298221,38.52
1640298231,38.47
1640298241,38.39
1640298251,38.33
1640298261,38.28
1640298271,38.20
1640298281,38.13
1640298291,38.07
1640298301,37.99
1640298311,37.94
1640298321,37.86
1640298331,37.80
1640298341,37.75
1640298351,37.69
1640298361,37.62
1640298371,37.54
1640298381,37.48
1640298391,37.41
1640298401,37.35
1640298411,37.27
1640298421,37.20
1640298431,37.12
1640298441,37.05
1640298451,36.99
1640298461,36.92
1640298471,36.84
1640298481,36.78
1640298491,36.71
1640298501,36.63
1640298511,36.58
1640298521,36.50
1640298531,36.42
1640298541,36.37
1640298551,36.29
1640298561,36.23
1640298571,36.18
1640298581,36.10
1640298591,36.03
1640298601,35.97
1640298611,35.87
1640298621,35.80
1640298631,35.72
1640298641,35.67
1640298651,35.59
1640298661,35.53
1640298671,35.46
1640298681,35.40
1640298691,35.33
1640298701,35.25
1640298711,35.19
1640298721,35.12
1640298731,35.04
1640298741,34.97
1640298751,34.87
1640298761,34.82
1640298771,34.74
1640298781,34.65
1640298791,34.57
1640298801,34.51
1640298811,34.46
1640298821,34.38
1640298831,34.30
1640298841,34.25
1640298851,34.17
1640298861,34.10
1640298871,34.02
1640298881,33.96
1640298891,33.85
1640298901,33.77
1640298911,33.72
1640298922,33.64
1640298932,33.57
1640298942,33.51
1640298952,33.43
1640298962,33.40
1640298972,33.34
1640298982,33.30
1640298992,33.24
1640299002,33.21
1640299012,33.17
1640299022,33.13
1640299032,33.07
1640299042,33.05
1640299052,33.02
1640299062,32.98
1640299072,32.92
1640299082,32.88
1640299092,32.85
1640299102,32.81
1640299112,32.77
1640299122,32.71
1640299132,32.70
1640299142,32.66
1640299152,32.62
1640299162,32.58
1640299172,32.55
1640299182,32.49
1640299192,32.47
1640299202,32.43
1640299212,32.39
1640299222,32.36
1640299232,32.32
1640299242,32.28
1640299252,32.24
1640299262,32.20
1640299272,32.15
1640299282,32.13
1640299292,32.07
1640299302,32.03
1640299312,32.00
1640299322,31.96
1640299332,31.92
1640299342,31.88
1640299352,31.84
1640299362,31.81
1640299372,31.75
1640299382,31.71
1640299392,31.67
1640299402,31.64
1640299412,31.60
1640299422,31.56
1640299432,31.54
1640299442,31.50
1640299452,31.47
1640299462,31.45
1640299472,31.41
1640299482,31.39
1640299492,31.35
1640299502,31.32
1640299512,31.28
1640299522,31.24
1640299532,31.18
1640299542,31.16
1640299552,31.12
1640299562,31.07
1640299572,31.01
1640299582,30.97
1640299592,30.92
1640299602,30.88
1640299612,30.84
1640299622,30.82
1640299632,30.78
1640299642,30.77
1640299652,30.73
1640299662,30.71
1640299672,30.67
1640299682,30.65
1640299692,30.61
1640299702,30.60
1640299712,30.56
1640299722,30.50
1640299733,30.48
1640299743,30.43
1640299753,30.37
1640299763,30.33
1640299773,30.31
1640299783,30.27
1640299793,30.24
1640299803,30.18
1640299813,30.14
1640299823,30.10
1640299833,30.07
1640299843,30.01
1640299853,29.97
1640299863,29.93
1640299873,29.90
1640299883,29.86
1640299893,29.84
1640299903,29.80
1640299913,29.76
1640299923,29.71
1640299933,29.65
1640299943,29.61
1640299953,29.56
1640299963,29.50
1640299973,29.46
1640299983,29.42
1640299993,29.39
1640300003,29.35
1640300013,29.31
1640300023,29.25
1640300033,29.20
1640300043,29.16
1640300053,29.10
1640300063,29.04
1640300073,28.99
1640300083,28.95
1640300093,28.91
1640300103,28.85
1640300113,28.82
1640300123,28.78
1640300133,28.74
1640300143,28.68
1640300153,28.65
1640300163,28.61
1640300173,28.57
1640300183,28.55
1640300193,28.51
1640300203,28.48
1640300213,28.42
1640300223,28.38
1640300233,28.34
1640300243,28.31
1640300253,28.25
1640300263,28.21
1640300273,28.15
1640300283,28.12
1640300293,28.08
1640300303,28.04
1640300313,28.00
1640300323,27.98
1640300333,27.95
1640300343,27.89
1640300353,27.85
1640300363,27.79
1640300373,27.76
1640300383,27.70
1640300393,27.64
1640300403,27.63
1640300413,27.57
1640300423,27.53
1640300433,27.47
1640300443,27.44
1640300453,27.40
1640300463,27.36
1640300473,27.32
1640300483,27.28
1640300493,27.25
1640300503,27.19
1640300513,27.13
1640300524,27.09
1640300534,27.06
1640300544,27.00
1640300554,26.96
1640300564,26.92
1640300574,26.89
1640300584,26.85
1640300594,26.81
1640300604,26.79
1640300614,26.75
1640300624,26.72
1640300634,26.68
1640300644,26.64
1640300654,26.60
1640300664,26.55
1640300674,26.51
1640300684,26.49
1640300694,26.43
1640300704,26.40
1640300714,26.32
1640300724,26.28
1640300734,26.22
1640300744,26.19
1640300754,26.15
1640300764,26.11
1640300774,26.07
1640300784,26.02
1640300794,25.98
1640300804,25.94
1640300814,25.90
1640300824,25.88
1640300834,25.85
1640300844,25.79
1640300854,25.75
1640300864,25.73
1640300874,25.69
1640300884,25.68
1640300894,25.62
1640300904,25.58
1640300914,25.52
1640300924,25.49
1640300934,25.45
1640300944,25.39
1640300954,25.37
1640300964,25.34
1640300974,25.30
1640300984,25.24
1640300994,25.18
1640301004,25.15
1640301014,25.11
1640301024,25.05
1640301034,24.99
1640301044,24.94
1640301054,24.88
1640301064,24.84
1640301074,24.81
1640301084,24.77
1640301094,24.71
1640301104,24.65
1640301114,24.62
1640301124,24.56
1640301134,24.50
1640301144,24.45
1640301154,24.39
1640301164,24.35
1640301174,24.31
1640301184,24.26
1640301194,24.22
1640301204,24.20
1640301214,24.16
1640301224,24.14
1640301234,24.11
1640301244,24.09
1640301254,24.03
1640301264,24.01
1640301274,23.97
1640301284,23.93
1640301294,23.88
1640301304,23.82
1640301314,23.80
1640301324,23.76
1640301335,23.71
1640301345,23.67
1640301355,23.63
1640301365,23.59
1640301375,23.54
1640301385,23.50
1640301395,23.48
1640301405,23.44
1640301415,23.39
1640301425,23.35
1640301435,23.33
1640301445,23.29
1640301455,23.25
1640301465,23.22
1640301475,23.18
1640301485,23.14
1640301495,23.12
1640301505,23.08
1640301515,23.06
1640301525,23.03
1640301535,23.01
1640301545,22.97
1640301555,22.95
1640301565,22.93
1640301575,22.89
1640301585,22.78
1640301595,22.69
1640301605,22.65
1640301615,22.59
1640301625,22.55
1640301635,22.54
1640301645,22.50
1640301655,22.46
1640301665,22.42
1640301675,22.38
1640301685,22.35
1640301695,22.29
1640301705,22.25
1640301715,22.21
1640301725,22.18
1640301735,22.14
1640301745,22.10
1640301755,22.04
1640301765,22.00
1640301775,21.97
1640301785,21.93
1640301795,21.89
1640301805,21.85
1640301815,21.82
1640301825,21.78
1640301835,21.74
1640301845,21.72
1640301855,21.68
1640301865,21.66
1640301875,21.63
1640301885,21.61
1640301895,21.57
1640301905,21.55
1640301915,21.51
1640301925,21.49
1640301935,21.46
1640301945,21.44
1640301955,21.40
1640301965,21.38
1640301975,21.34
1640301985,21.31
1640301995,21.27
1640302005,21.23
1640302015,21.19
1640302025,21.15
1640302035,21.12
1640302045,21.08
1640302055,21.04
1640302065,21.00
1640302075,20.96
1640302085,20.93
1640302095,20.89
1640302105,20.85
1640302115,20.81
1640302125,20.77
1640302135,20.74
1640302145,20.70
1640302156,20.66
1640302166,20.64
1640302176,20.60
1640302186,20.57
1640302196,20.55
1640302206,20.51
1640302216,20.47
1640302226,20.45
1640302236,20.42
1640302246,20.38
1640302256,20.34
1640302266,20.30
1640302276,20.27
1640302286,20.25
1640302296,20.21
1640302306,20.17
1640302316,20.13
1640302326,20.09
1640302336,20.08
1640302346,20.04
1640302356,20.00
1640302366,19.96
1640302376,19.92
1640302386,19.90
1640302396,19.87
1640302406,19.83
1640302416,19.81
1640302426,19.77
1640302436,19.75
1640302446,19.72
1640302456,19.70
1640302466,19.66
1640302476,19.62
1640302486,19.60
1640302496,19.56
1640302506,19.55
1640302516,19.51
1640302526,19.49
1640302536,19.45
1640302546,19.43
1640302556,19.39
1640302566,19.38
1640302576,19.34
1640302586,19.32
1640302596,19.28
1640302606,19.26
1640302616,19.22
1640302626,19.21
1640302636,19.17
1640302646,19.15
1640302656,19.11
1640302666,19.09
1640302676,19.05
1640302686,19.03
1640302696,19.00
1640302706,18.98
1640302716,18.94
1640302726,18.92
1640302736,18.88
1640302746,18.86
1640302756,18.83
1640302766,18.81
1640302776,18.77
1640302786,18.75
1640302796,18.71
1640302806,18.67
1640302816,18.66
1640302826,18.62
1640302836,18.56
1640302846,18.52
1640302856,18.49
1640302866,18.43
1640302876,18.39
1640302886,18.35
1640302897,18.32
1640302907,18.28
1640302917,18.22
1640302927,18.18
1640302937,18.15
1640302947,18.11
1640302957,18.07
1640302967,18.01
1640302977,17.97
1640302987,17.94
1640302997,17.88
1640303007,17.82
1640303017,17.79
1640303027,17.75
1640303037,17.71
1640303047,17.65
1640303057,17.62
1640303067,17.56
1640303077,17.52
1640303087,17.46
1640303097,17.43
1640303107,17.39
1640303117,17.35
1640303127,17.31
1640303137,17.26
1640303147,17.22
1640303157,17.18
1640303167,17.12
1640303177,17.09
1640303187,17.05
1640303197,16.99
1640303207,16.95
1640303217,16.91
1640303227,16.86
1640303237,16.80
1640303247,16.76
1640303257,16.71
1640303267,16.65
1640303277,16.61
1640303287,16.59
1640303297,16.56
1640303307,16.52
1640303317,16.48
1640303327,16.44
1640303337,16.40
1640303347,16.37
1640303357,16.33
1640303367,16.29
1640303377,16.25
1640303387,16.22
1640303397,16.18
1640303407,16.12
1640303417,16.10
1640303427,16.04
1640303437,16.01
1640303447,15.95
1640303457,15.93
1640303467,15.87
1640303477,15.84
1640303487,15.80
1640303497,15.74
1640303507,15.70
1640303517,15.67
1640303527,15.63
1640303537,15.59
1640303547,15.55
1640303557,15.52
1640303567,15.48
1640303577,15.42
1640303587,15.38
1640303597,15.35
1640303607,15.33
1640303617,15.29
1640303627,15.23
1640303637,15.19
1640303647,15.16
1640303657,15.12
1640303667,15.10
1640303677,15.06
1640303687,15.00
1640303697,14.97
1640303707,14.91
1640303717,14.87
1640303727,14.83
1640303737,14.80
1640303747,14.78
1640303757,14.74
1640303767,14.70
1640303777,14.66
1640303787,14.63
1640303797,14.59
1640303807,14.55
1640303817,14.51
1640303827,14.46
1640303838,14.42
1640303848,14.38
1640303858,14.34
1640303868,14.30
1640303878,14.27
1640303888,14.23
1640303898,14.17
1640303908,14.15
1640303918,14.12
1640303928,14.08
1640303938,14.06
1640303948,14.02
1640303958,13.98
1640303968,13.94
1640303978,13.91
1640303988,13.89
1640303998,13.85
1640304008,13.81
1640304018,13.77
1640304028,13.74
1640304038,13.68
1640304048,13.64
1640304058,13.62
1640304068,13.57
1640304078,13.53
1640304088,13.49
1640304098,13.43
1640304108,13.40
1640304118,13.38
1640304128,13.34
1640304138,13.30
1640304148,13.28
1640304158,13.25
1640304168,13.21
1640304178,13.19
1640304188,13.15
1640304198,13.13
1640304208,13.09
1640304218,13.07
1640304228,13.04
1640304238,13.02
1640304248,12.98
1640304258,12.96
1640304268,12.92
1640304278,12.90
1640304288,12.90
1640304298,13.21
1640304308,13.51
1640304318,13.81
1640304328,14.12
1640304338,14.42
1640304348,14.70
1640304358,15.02
1640304368,15.33
1640304378,15.61
1640304388,15.91
1640304398,16.23
1640304408,16.52
1640304418,16.82
1640304428,17.12
1640304438,17.43
1640304448,17.73
1640304458,18.03
1640304468,18.33
1640304478,18.64
1640304488,18.94
1640304498,19.24
1640304508,19.53
1640304518,19.87
1640304528,20.17
1640304538,20.44
1640304548,20.77
1640304558,21.04
1640304568,21.34
1640304578,21.68
1640304588,21.95
1640304598,22.25
1640304608,22.59
1640304618,22.87
1640304628,23.18
1640304638,23.48
1640304648,23.78
1640304658,24.09
1640304668,24.39
1640304678,24.69
1640304688,24.99
1640304698,25.30
1640310718,99.00
1640310728,99.00
1640310738,99.00
1640310748,99.00
1640310758,99.00
1640310768,99.00
1640310778,99.00
1640310788,99.00
1640310798,99.00
1640310808,99.00
1640310818,99.00
1640310828,99.00
1640310838,99.00
1640310848,99.00
1640312240,100.00
1640312250,100.00
1640312261,100.00
1640312271,100.00
1640312281,100.00
1640312291,100.00
1640312301,100.00
1640312311,100.00
1640312321,100.00
1640312331,100.00
1640312341,100.00
1640312351,100.00
1640312361,100.00
1640312371,100.00
1640312381,100.00
1640312391,100.00
1640312401,100.00
1640312411,100.00
1640312421,100.00
1640312431,100.00
1640312441,100.00
1640312451,100.00
1640312461,100.00
1640312471,100.00
1640312481,100.00
1640312491,100.00
1640312501,100.00
1640312511,100.00
1640312521,100.00
1640312531,100.00
1640312541,100.00
1640312551,100.00
1640312561,100.00
1640312571,100.00
1640312581,100.00
1640312591,100.00
1640312601,100.00
1640312611,100.00
1640312621,100.00
1640312631,100.00
1640312641,100.00
1640312651,100.00
1640312661,100.00
1640312671,100.00
1640312681,100.00
1640312691,100.00
1640312701,100.00
1640312711,100.00
1640312721,100.00
1640312731,100.00
1640312741,100.00
1640312751,100.00
1640312761,100.00
1640312771,100.00
1640312781,100.00
1640312791,100.00
1640312801,100.00
1640312811,100.00
1640312821,100.00
1640312831,100.00
1640312841,100.00
1640312851,100.00
1640312861,100.00
1640312871,100.00
1640312881,100.00
1640312891,100.00
1640312901,100.00
1640312911,100.00
1640312921,100.00
1640312931,100.00
1640312941,100.00
1640312951,100.00
1640312961,100.00
1640312971,100.00
1640312981,100.00
1640312991,100.00
1640313001,100.00
1640313011,100.00
1640313021,100.00
1640313032,100.00
1640313042,100.00
1640313052,100.00
1640313062,100.00
1640313072,100.00
1640313082,100.00
1640313092,100.00
1640313102,100.00
1640313112,100.00
1640313122,100.00
1640313132,100.00
1640313142,100.00
1640313152,100.00
1640313162,100.00
1640313172,100.00
1640313182,100.00
1640313192,100.00
1640313202,100.00
1640313212,100.00
1640313222,100.00
1640313232,100.00
1640313242,100.00
1640313252,100.00
1640313262,100.00
1640313272,100.00
1640313282,100.00
1640313292,100.00
1640313302,100.00
1640313312,100.00
1640313322,100.00
1640313332,100.00
1640313342,100.00
1640313352,100.00
1640313362,100.00
1640313372,100.00
1640313382,100.00
1640313392,100.00
1640313402,100.00
1640313412,100.00
1640313422,100.00
1640313432,100.00
1640313442,100.00
1640313452,100.00
1640313462,100.00
1640313472,100.00
1640313482,100.00
1640313492,100.00
1640313502,100.00
1640313512,100.00
1640313522,100.00
1640313532,100.00
1640313542,100.00
1640313552,100.00
1640313562,100.00
1640313572,100.00
1640313582,100.00
1640313592,100.00
1640313602,100.00
1640313612,100.00
1640313622,100.00
1640313632,100.00
1640313642,100.00
1640313652,100.00
1640313662,100.00
1640313672,100.00
1640313682,100.00
1640313692,100.00
1640313702,100.00
1640313712,100.00
1640313722,100.00
1640313732,100.00
1640313742,100.00
1640313752,100.00
1640313762,100.00
1640313772,100.00
1640313782,100.00
1640313792,100.00
1640313802,100.00
1640313812,100.00
1640313822,100.00
1640313832,100.00
1640313842,100.00
1640313852,100.00
1640313862,100.00
1640313872,100.00
1640313882,100.00
1640313892,100.00
1640313902,100.00
1640313913,100.00
1640313923,100.00
1640313933,100.00
1640313943,100.00
1640313953,100.00
1640313963,100.00
1640313973,100.00
1640313983,100.00
1640313993,100.00
1640314003,100.00
1640314013,100.00
1640314023,100.00
1640314033,100.00
1640314043,100.00
1640314053,100.00
1640314063,100.00
1640314073,100.00
1640314083,100.00
1640314093,100.00
1640314103,100.00
1640314113,100.00
1640314123,100.00
1640314133,100.00
1640314143,100.00
1640314153,100.00
1640314163,100.00
1640314173,100.00
1640314183,100.00
1640314193,100.00
1640314203,100.00
1640314213,100.00
1640314223,100.00
1640314233,100.00
1640314243,100.00
1640314253,100.00
1640314263,100.00
1640314273,100.00
1640314283,100.00
1640314293,100.00
1640314303,100.00
1640314313,100.00
1640314323,100.00
1640314333,100.00
1640314343,100.00
1640314353,100.00
1640314363,100.00
1640314373,100.00
1640314383,100.00
1640314393,100.00
1640314403,100.00
1640314413,100.00
1640314423,100.00
1640314433,100.00
1640314443,100.00
1640314453,100.00
1640314463,100.00
1640314473,100.00
1640314483,100.00
1640314493,100.00
1640314503,100.00
1640314513,100.00
1640314523,100.00
1640314533,100.00
1640314543,100.00
1640314553,100.00
1640314563,100.00
1640314573,100.00
1640314583,100.00
1640314593,100.00
1640314603,100.00
1640314613,100.00
1640314623,100.00
1640314633,100.00
1640314643,100.00
1640314653,100.00
1640314663,100.00
1640314673,100.00
1640314683,100.00
1640314693,100.00
1640314703,100.00
1640314713,100.00
1640314723,100.00
1640314733,100.00
1640314743,100.00
1640314753,100.00
1640314763,100.00
1640314774,100.00
1640314784,100.00
1640314794,100.00
1640314804,100.00
1640314814,100.00
1640314824,100.00
1640314834,100.00
1640314844,100.00
1640314854,100.00
1640314864,100.00
1640314874,100.00
1640314884,100.00
1640314894,100.00
1640314904,100.00
1640314914,100.00
1640314924,100.00
1640314934,100.00
1640314944,100.00
1640314954,100.00
1640314964,100.00
1640314974,100.00
1640314984,100.00
1640314994,100.00
1640315004,100.00
1640315014,100.00
1640315024,100.00
1640315034,100.00
1640315044,100.00
1640315054,100.00
1640315064,100.00
1640315074,100.00
1640315084,100.00
1640315094,100.00
1640315104,100.00
1640315114,100.00
1640315124,100.00
1640315134,100.00
1640315144,100.00
1640315154,100.00
1640315164,100.00
1640315174,100.00
1640315184,100.00
1640315194,100.00
1640315204,100.00
1640315214,100.00
1640315224,100.00
1640315234,100.00
1640315244,100.00
1640315254,100.00
1640315264,100.00
1640315274,100.00
1640315284,100.00
1640315294,100.00
1640315304,100.00
1640315314,100.00
1640315324,100.00
1640315334,100.00
1640315344,100.00
1640315354,100.00
1640315364,100.00
1640315374,100.00
1640315384,100.00
1640315394,100.00
1640315404,100.00
1640315414,100.00
1640315424,100.00
1640315434,100.00
1640315444,100.00
1640315454,100.00
1640315464,100.00
1640315474,100.00
1640315484,100.00
1640315494,100.00
1640315504,100.00
1640315514,100.00
1640315524,100.00
1640315534,100.00
1640315544,100.00
1640315554,100.00
1640315564,100.00
1640315574,100.00
1640315584,100.00
1640315594,95.45
1640315605,95.42
1640315615,95.38
1640315625,95.33
1640315635,95.29
1640315645,95.24
1640315655,95.21
1640315665,95.15
1640315675,95.10
1640315685,95.07
1640315695,95.03
1640315705,94.98
1640315715,94.93
1640315725,94.89
1640315735,94.82
1640315745,94.75
1640315755,94.72
1640315765,94.65
1640315775,94.60
1640315785,94.54
1640315795,94.49
1640315805,94.44
1640315815,94.40
1640315825,94.37
1640315835,94.32
1640315845,94.27
1640315855,94.21
1640315865,94.16
1640315875,94.11
1640315885,94.07
1640315895,94.02
1640315905,93.99
1640315915,93.95
1640315925,93.92
1640315935,93.86
1640315945,93.83
1640315955,93.78
1640315965,93.74
1640315975,93.69
1640315985,93.64
1640315995,93.57
1640316005,93.52
1640316015,93.48
1640316025,93.43
1640316035,93.38
1640316045,93.31
1640316055,93.24
1640316065,93.17
1640316075,93.12
1640316085,93.06
1640316095,93.01
1640316105,92.94
1640316115,92.89
1640316125,92.84
1640316135,92.80
1640316145,92.73
1640316155,92.70
1640316165,92.66
1640316175,92.61
1640316185,92.54
1640316195,92.49
1640316205,92.43
1640316215,92.37
1640316225,92.33
1640316235,92.30
1640316245,92.24
1640316255,92.17
1640316265,92.12
1640316275,92.07
1640316285,92.02
1640316295,91.96
1640316305,91.89
1640316315,91.84
1640316325,91.79
1640316335,91.72
1640316345,91.69
1640316355,91.63
1640316365,91.60
1640316375,91.56
1640316385,91.51
1640316395,91.48
1640316405,91.41
1640316415,91.35
1640316425,91.30
1640316435,91.25
1640316445,91.20
1640316455,91.16
1640316466,91.11
1640316476,91.06
1640316486,91.01
1640316496,90.95
1640316506,90.92
1640316516,90.87
1640316526,90.81
1640316536,90.76
1640316546,90.71
1640316556,90.66
1640316566,90.60
1640316576,90.52
1640316586,90.48
1640316596,90.45
1640316606,90.41
1640316616,90.36
1640316626,90.31
1640316636,90.26
1640316646,90.19
1640316656,90.12
1640316666,90.06
1640316676,90.01
1640316686,89.96
1640316696,89.92
1640316706,89.86
1640316716,89.80
1640316726,89.75
1640316736,89.68
1640316746,89.63
1640316756,89.58
1640316766,89.52
1640316776,89.45
1640316786,89.40
1640316796,89.33
1640316806,89.28
1640316816,89.23
1640316826,89.17
1640316836,89.12
1640316846,89.07
1640316856,89.00
1640316866,88.95
1640316876,88.90
1640316886,88.83
1640316896,88.79
1640316906,88.74
1640316916,88.69
1640316926,88.65
1640316936,88.60
1640316946,88.57
1640316956,88.51
1640316966,88.48
1640316976,88.43
1640316986,88.39
1640316996,88.34
1640317006,88.29
1640317016,88.25
1640317026,88.20
1640317036,88.16
1640317046,88.13
1640317056,88.09
1640317066,88.06
1640317076,88.01
1640317086,87.96
1640317096,87.90
1640317106,87.87
1640317116,87.83
1640317126,87.80
1640317136,87.76
1640317146,87.71
1640317156,87.66
1640317166,87.62
1640317176,87.57
1640317186,87.54
1640317196,87.52
1640317206,87.48
1640317216,87.47
1640317226,87.43
1640317236,87.42
1640317246,87.38
1640317256,87.36
1640317267,87.33
1640317277,87.29
1640317287,87.27
1640317297,87.24
1640317307,87.22
1640317317,87.19
1640317327,87.17
1640317337,87.14
1640317347,87.12
1640317357,87.08
1640317367,87.05
1640317377,87.03
1640317387,87.00
1640317397,86.93
1640317407,86.87
1640317417,86.84
1640317427,86.79
1640317437,86.75
1640317447,86.70
1640317457,86.65
1640317467,86.60
1640317477,86.54
1640317487,86.51
1640317497,86.47
1640317507,86.42
1640317517,86.37
1640317527,86.32
1640317537,86.28
1640317547,86.23
1640317557,86.18
1640317567,86.12
1640317577,86.09
1640317587,86.02
1640317597,85.93
1640317607,85.86
1640317617,85.78
1640317627,85.74
1640317637,85.72
1640317647,85.69
1640317657,85.67
1640317667,85.64
1640317677,85.58
1640317687,85.53
1640317697,85.50
1640317707,85.46
1640317717,85.45
1640317727,85.41
1640317737,85.36
1640317747,85.32
1640317757,85.25
1640317767,85.20
1640317777,85.15
1640317787,85.10
1640317797,85.06
1640317807,85.03
1640317817,84.97
1640317827,84.94
1640317837,84.91
1640317847,84.85
1640317857,84.82
1640317867,84.78
1640317877,84.73
1640317887,84.68
1640317897,84.63
1640317907,84.57
1640317917,84.54
1640317927,84.50
1640317937,84.45
1640317947,84.42
1640317957,84.38
1640317967,84.33
1640317977,84.28
1640317987,84.24
1640317997,84.19
1640318007,84.16
1640318017,84.12
1640318027,84.07
1640318038,84.03
1640318048,84.02
1640318058,83.98
1640318068,83.93
1640318078,83.89
1640318088,83.86
1640318098,83.82
1640318108,83.77
1640318118,83.74
1640318128,83.68
1640318138,83.65
1640318148,83.60
1640318158,83.55
1640318168,83.51
1640318178,83.47
1640318188,83.44
1640318198,83.42
1640318208,83.39
1640318218,83.37
1640318228,83.35
1640318238,83.30
1640318248,83.27
1640318258,83.23
1640318268,83.20
1640318278,83.16
1640318288,83.13
1640318298,83.09
1640318308,83.07
1640318318,83.04
1640318328,82.99
1640318338,82.95
1640318348,82.90
1640318358,82.86
1640318368,82.83
1640318378,82.80
1640318388,82.74
1640318398,82.69
1640318408,82.64
1640318418,82.60
1640318428,82.55
1640318438,82.52
1640318448,82.48
1640318458,82.43
1640318468,82.39
1640318478,82.34
1640318488,82.29
1640318498,82.24
1640318508,82.20
1640318518,82.15
1640318528,82.10
1640318538,82.05
1640318548,82.01
1640318558,81.96
1640318568,81.91
1640318578,81.87
1640318588,81.82
1640318598,81.77
1640318608,81.73
1640318618,81.70
1640318628,81.65
1640318638,81.61
1640318648,81.58
1640318658,81.52
1640318668,81.45
1640318678,81.42
1640318688,81.38
1640318698,81.33
1640318708,81.30
1640318718,81.24
1640318728,81.21
1640318738,81.16
1640318748,81.12
1640318758,81.07
1640318768,81.02
1640318778,80.96
1640318788,80.90
1640318798,80.84
1640318808,80.81
1640318818,80.76
1640318828,80.70
1640318838,80.67
1640318848,80.62
1640318859,80.57
1640318869,80.53
1640318879,80.48
1640318889,80.42
1640318899,80.39
1640318909,80.36
1640318919,80.34
1640318929,80.30
1640318939,80.25
1640318949,80.20
1640318959,80.15
1640318969,80.09
1640318979,80.04
1640318989,80.01
1640318999,79.99
1640319009,79.95
1640319019,79.94
1640319029,79.90
1640319039,79.88
1640319049,79.85
1640319059,79.83
1640319069,79.80
1640319079,79.78
1640319089,79.75
1640319099,79.71
1640319109,79.68
1640319119,79.64
1640319129,79.62
1640319139,79.59
1640319149,79.57
1640319159,79.55
1640319169,79.52
1640319179,79.50
1640319189,79.47
1640319199,79.45
1640319209,79.41
1640319219,79.40
1640319229,79.36
1640319239,79.34
1640319249,79.31
1640319259,79.29
1640319269,79.27
1640319279,79.24
1640319289,79.22
1640319299,79.19
1640319309,79.17
1640319319,79.14
1640319329,79.12
1640319339,79.08
1640319349,79.06
1640319359,79.05
1640319369,79.01
1640319379,79.00
1640319389,78.96
1640319399,78.94
1640319409,78.91
1640319419,78.89
1640319429,78.86
1640319439,78.84
1640319449,78.80
1640319459,78.79
1640319469,78.75
1640319479,78.73
1640319489,78.72
1640319499,78.68
1640319509,78.65
1640319519,78.61
1640319529,78.58
1640319539,78.52
1640319549,78.49
1640319559,78.46
1640319569,78.42
1640319579,78.40
1640319589,78.37
1640319600,78.33
1640319610,78.30
1640319620,78.28
1640319630,78.25
1640319640,78.21
1640319650,78.18
1640319660,78.16
1640319670,78.12
1640319680,78.09
1640319690,78.05
1640319700,78.02
1640319710,78.00
1640319720,77.95
1640319730,77.91
1640319740,77.88
1640319750,77.85
1640319760,77.81
1640319770,77.78
1640319780,77.74
1640319790,77.71
1640319800,77.69
1640319810,77.65
1640319820,77.64
1640319830,77.60
1640319840,77.57
1640319850,77.53
1640319860,77.50
1640319870,77.44
1640319880,77.39
1640319890,77.36
1640319900,77.34
1640319910,77.31
1640319920,77.27
1640319930,77.24
1640319940,77.20
1640319950,77.16
1640319960,77.13
1640319970,77.10
1640319980,77.06
1640319990,77.03
1640320000,77.01
1640320010,76.97
1640320020,76.96
1640320030,76.92
1640320040,76.90
1640320050,76.89
1640320060,76.85
1640320070,76.83
1640320080,76.80
1640320090,76.78
1640320100,76.75
1640320110,76.73
1640320120,76.70
1640320130,76.68
1640320140,76.66
1640320150,76.62
1640320160,76.61
1640320170,76.57
1640320180,76.56
1640320190,76.52
1640320200,76.50
1640320210,76.45
1640320220,76.40
1640320230,76.36
1640320240,76.33
1640320250,76.29
1640320260,76.26
1640320270,76.22
1640320280,76.17
1640320290,76.14
1640320300,76.10
1640320310,76.07
1640320320,76.03
1640320330,76.01
1640320340,75.98
1640320350,75.96
1640320360,75.93
1640320370,75.91
1640320381,75.89
1640320391,75.86
1640320401,75.81
1640320411,75.77
1640320421,75.74
1640320431,75.70
1640320441,75.68
1640320451,75.65
1640320461,75.63
1640320471,75.60
1640320481,75.58
1640320491,75.54
1640320501,75.53
1640320511,75.49
1640320521,75.47
1640320531,75.46
1640320541,75.41
1640320551,75.37
1640320561,75.34
1640320571,75.32
1640320581,75.28
1640320591,75.25
1640320601,75.21
1640320611,75.16
1640320621,75.13
1640320631,75.09
1640320641,75.06
1640320651,75.00
1640320661,74.97
1640320671,74.93
1640320681,74.90
1640320691,74.85
1640320701,74.81
1640320711,74.78
1640320721,74.72
1640320731,74.69
1640320741,74.64
1640320751,74.60
1640320761,74.55
1640320771,74.48
1640320781,74.45
1640320791,74.39
1640320801,74.34
1640320811,74.31
1640320821,74.27
1640320831,74.24
1640320841,74.18
1640320851,74.15
1640320861,74.10
1640320871,74.06
1640320881,74.01
1640320891,73.98
1640320901,73.92
1640320911,73.87
1640320945,73.45
1640320955,73.31
1640320965,73.23
1640320975,73.12
1640321033,72.32
1640321043,72.15
1640321053,71.99
1640321062,71.92
1640321072,71.87
1640321082,71.81
1640321092,71.76
1640321102,71.52
1640321112,71.40
1640321122,71.33
1640321132,71.26
1640321142,71.22
1640321152,71.17
1640321162,71.10
1640321172,71.05
1640321182,71.01
1640321192,70.98
1640321202,70.94
1640321212,70.89
1640321222,70.84
1640321232,70.79
1640321242,70.73
1640321252,70.70
1640321262,70.65
1640321272,70.61
1640321283,70.54
1640321293,70.44
1640321303,70.33
1640321313,70.28
1640321323,70.19
1640321333,70.14
1640321343,70.11
1640321353,70.05
1640321363,70.02
1640321373,69.97
1640321383,69.91
1640321393,69.86
1640321403,69.76
1640321413,69.67
1640321423,69.60
1640321433,69.53
1640321443,69.48
1640321453,69.44
1640321463,69.39
1640321473,69.36
1640321483,69.30
1640321493,69.27
1640321503,69.23
1640321513,69.18
1640321523,69.15
1640321533,69.10
1640321543,69.06
1640321553,69.01
1640321563,68.96
1640321573,68.90
1640321583,68.87
1640321593,68.83
1640321603,68.82
1640321613,68.78
1640321623,68.73
1640321633,68.66
1640321643,68.61
1640321653,68.56
1640321663,68.50
1640321673,68.47
1640321683,68.41
1640321693,68.36
1640321703,68.28
1640321713,68.21
1640321723,68.12
1640321733,68.08
1640321743,68.03
1640321753,68.00
1640321763,67.94
1640321773,67.91
1640321783,67.86
1640321793,67.82
1640321803,67.77
1640321813,67.72
1640321823,67.65
1640321833,67.56
1640321843,67.49
1640321853,67.40
1640321863,67.32
1640321873,67.25
1640321883,67.16
1640321893,67.09
1640321903,67.00
1640321913,66.92
1640321923,66.86
1640321933,66.81
1640321943,66.74
1640321953,66.67
1640321963,66.60
1640321973,66.55
1640321983,66.50
1640321993,66.45
