1640239801,88.69
1640239811,88.78
1640239811,88.78
1640239821,88.87
1640239821,88.87
1640239831,88.96
1640239831,88.96
1640239841,89.05
1640239841,89.05
1640239851,89.13
1640239851,89.13
1640239861,89.22
1640239861,89.22
1640239871,89.29
1640239871,89.29
1640239881,89.40
1640239881,89.40
1640239891,89.47
1640239891,89.49
1640239901,89.56
1640239901,89.56
1640239911,89.63
1640239911,89.65
1640239921,89.72
1640239921,89.72
1640239931,89.81
1640239931,89.81
1640239941,89.88
1640239941,89.89
1640239951,89.96
1640239951,89.96
1640239961,90.03
1640239961,90.05
1640239971,90.12
1640239971,90.12
1640239981,90.21
1640239981,90.21
1640239991,90.28
1640239991,90.30
1640240001,90.37
1640240001,90.37
1640240011,90.44
1640240011,90.44
1640240021,90.51
1640240021,90.53
1640240031,90.60
1640240031,90.60
1640240041,90.67
1640240041,90.69
1640240051,90.76
1640240051,90.76
1640240061,90.83
1640240061,90.83
1640240071,90.90
1640240071,90.92
1640240081,90.97
1640240081,90.97
1640240091,91.06
1640240091,91.06
1640240101,91.11
