1640240701,94.81
1640240711,94.87
1640240711,94.87
1640240721,94.92
1640240721,94.92
1640240731,94.97
1640240731,94.97
1640240741,95.01
1640240741,95.03
1640240751,95.06
1640240751,95.06
1640240761,95.11
1640240761,95.11
1640240771,95.17
1640240771,95.17
1640240781,95.22
1640240781,95.22
1640240791,95.27
1640240791,95.27
1640240801,95.31
1640240801,95.31
1640240811,95.36
1640240811,95.36
1640240821,95.41
1640240821,95.41
1640240831,95.47
1640240831,95.47
1640240841,95.50
1640240841,95.52
1640240851,95.56
1640240851,95.56
1640240861,95.61
1640240861,95.61
1640240871,95.64
1640240871,95.66
1640240881,95.70
1640240881,95.70
1640240891,95.75
1640240891,95.75
1640240901,95.78
1640240901,95.78
1640240911,95.84
1640240911,95.84
1640240921,95.89
1640240921,95.89
1640240931,95.93
1640240931,95.93
1640240941,95.98
1640240941,95.98
1640240951,96.01
1640240951,96.03
1640240961,96.07
1640240961,96.07
1640240971,96.10
1640240971,96.10
1640240981,96.16
1640240981,96.16
1640240991,96.21
1640240991,96.21
1640241001,96.24
