1640240101,91.11
1640240111,91.20
1640240111,91.20
1640240121,91.27
1640240121,91.27
1640240131,91.34
1640240131,91.34
1640240141,91.41
1640240141,91.41
1640240151,91.48
1640240151,91.48
1640240161,91.55
1640240161,91.55
1640240171,91.62
1640240171,91.62
1640240181,91.69
1640240181,91.69
1640240191,91.76
1640240191,91.76
1640240201,91.83
1640240201,91.83
1640240211,91.90
1640240211,91.90
1640240221,91.97
1640240221,91.97
1640240231,92.03
1640240231,92.04
1640240241,92.12
1640240241,92.12
1640240251,92.17
1640240251,92.17
1640240261,92.24
1640240261,92.24
1640240271,92.31
1640240271,92.31
1640240281,92.36
1640240281,92.38
1640240291,92.43
1640240291,92.43
1640240301,92.50
1640240301,92.50
1640240311,92.56
1640240311,92.57
1640240321,92.63
1640240321,92.63
1640240331,92.70
1640240331,92.70
1640240341,92.75
1640240341,92.77
1640240351,92.82
1640240351,92.82
1640240361,92.87
1640240361,92.89
1640240371,92.94
1640240371,92.94
1640240381,93.02
1640240381,93.02
1640240391,93.07
1640240391,93.07
1640240401,93.14
