1640239201,82.01
1640239211,82.13
1640239211,82.15
1640239221,82.27
1640239221,82.27
1640239231,82.41
1640239231,82.41
1640239241,82.54
1640239241,82.56
1640239251,82.68
1640239251,82.68
1640239261,82.82
1640239261,82.82
1640239271,82.94
1640239271,82.94
1640239281,83.07
1640239281,83.07
1640239291,83.21
1640239291,83.21
1640239301,83.33
1640239301,83.33
1640239311,83.46
1640239311,83.46
1640239321,83.58
1640239321,83.58
1640239331,83.72
1640239331,83.72
1640239341,83.82
1640239341,83.84
1640239351,83.97
1640239351,83.97
1640239361,84.09
1640239361,84.09
1640239371,84.20
1640239371,84.21
1640239381,84.34
1640239381,84.34
1640239391,84.44
1640239391,84.46
1640239401,84.57
1640239401,84.57
1640239411,84.69
1640239411,84.69
1640239421,84.79
1640239421,84.81
1640239431,84.92
1640239431,84.92
1640239441,85.03
1640239441,85.04
1640239451,85.15
1640239451,85.15
1640239461,85.25
1640239461,85.25
1640239471,85.36
1640239471,85.38
1640239481,85.48
1640239481,85.48
1640239491,85.59
1640239491,85.61
1640239501,85.71
