1640241001,96.24
1640241011,96.28
1640241011,96.28
1640241021,96.33
1640241021,96.33
1640241031,96.37
1640241031,96.37
1640241041,96.42
1640241041,96.42
1640241051,96.46
1640241051,96.46
1640241061,96.49
1640241061,96.49
1640241071,96.54
1640241071,96.54
1640241081,96.58
1640241081,96.60
1640241091,96.63
1640241091,96.63
1640241101,96.67
1640241101,96.67
1640241111,96.70
1640241111,96.70
1640241121,96.75
1640241121,96.75
1640241131,96.79
1640241131,96.79
1640241141,96.82
1640241141,96.82
1640241151,96.88
1640241151,96.88
1640241161,96.91
1640241161,96.91
1640241171,96.95
1640241171,96.95
1640241181,96.98
1640241181,97.00
1640241191,97.04
1640241191,97.04
1640241201,97.07
1640241201,97.07
1640241211,97.11
1640241211,97.11
1640241221,97.14
1640241221,97.14
1640241231,97.18
1640241231,97.18
1640241241,97.23
1640241241,97.23
1640241251,97.27
1640241251,97.27
1640241261,97.30
1640241261,97.30
1640241271,97.34
1640241271,97.34
1640241281,97.37
1640241281,97.37
1640241291,97.41
1640241291,97.41
1640241301,97.44
