1640239501,85.71
1640239511,85.82
1640239511,85.82
1640239521,85.92
1640239521,85.94
1640239531,86.05
1640239531,86.05
1640239541,86.14
1640239541,86.15
1640239551,86.24
1640239551,86.24
1640239561,86.36
1640239561,86.36
1640239571,86.45
1640239571,86.47
1640239581,86.56
1640239581,86.56
1640239591,86.67
1640239591,86.67
1640239601,86.77
1640239601,86.77
1640239611,86.88
1640239611,86.88
1640239621,86.96
1640239621,86.98
1640239631,87.09
1640239631,87.09
1640239641,87.18
1640239641,87.18
1640239651,87.26
1640239651,87.28
1640239661,87.39
1640239661,87.39
1640239671,87.48
1640239671,87.48
1640239681,87.56
1640239681,87.56
1640239691,87.67
1640239691,87.67
1640239701,87.76
1640239701,87.78
1640239711,87.86
1640239711,87.86
1640239721,87.97
1640239721,87.97
1640239731,88.06
1640239731,88.06
1640239741,88.15
1640239741,88.15
1640239751,88.24
1640239751,88.25
1640239761,88.32
1640239761,88.32
1640239771,88.43
1640239771,88.43
1640239781,88.50
1640239781,88.52
1640239791,88.60
1640239791,88.60
1640239801,88.69
