1640240401,93.14
1640240411,93.19
1640240411,93.19
1640240421,93.24
1640240421,93.26
1640240431,93.32
1640240431,93.32
1640240441,93.37
1640240441,93.37
1640240451,93.42
1640240451,93.42
1640240461,93.49
1640240461,93.49
1640240471,93.54
1640240471,93.56
1640240481,93.61
1640240481,93.61
1640240491,93.67
1640240491,93.67
1640240501,93.72
1640240501,93.74
1640240511,93.77
1640240511,93.77
1640240521,93.83
1640240521,93.85
1640240531,93.90
1640240531,93.90
1640240541,93.95
1640240541,93.95
1640240551,94.00
1640240551,94.00
1640240561,94.07
1640240561,94.07
1640240571,94.13
1640240571,94.13
1640240581,94.18
1640240581,94.18
1640240591,94.23
1640240591,94.23
1640240601,94.28
1640240601,94.28
1640240611,94.34
1640240611,94.34
1640240621,94.39
1640240621,94.39
1640240631,94.44
1640240631,94.44
1640240641,94.50
1640240641,94.50
1640240651,94.55
1640240651,94.55
1640240661,94.60
1640240661,94.60
1640240671,94.66
1640240671,94.66
1640240681,94.71
1640240681,94.71
1640240691,94.76
1640240691,94.76
1640240701,94.81
